1	304	1.0
1	305	1.0
1	2	0.5
1	3	0.5
1	4	0.5
1	308	1.0
1	5	0.5
1	253	1.0
2	1	0.5
2	3	0.5
2	4	0.5
2	5	0.5
2	7	1.0
2	8	1.0
2	57	1.0
2	58	1.0
2	12	1.0
2	14	1.0
3	1	0.5
3	2	0.5
3	403	1.0
3	499	1.0
3	4	1.5
3	5	0.5
3	103	1.0
3	56	1.0
3	104	1.0
3	105	1.0
3	59	1.0
4	1	0.5
4	2	0.5
4	3	1.5
4	403	1.0
4	499	1.0
4	5	0.5
4	103	1.0
4	56	1.0
4	104	1.0
4	105	1.0
4	59	1.0
5	128	1.0
5	1	0.5
5	81	1.0
5	2	0.5
5	3	0.5
5	83	1.0
5	4	0.5
5	71	1.0
5	73	1.0
5	29	1.0
5	77	1.0
5	126	1.0
6	7	0.5
6	8	0.5
6	9	0.5
6	10	1.5
6	11	1.0
6	476	1.0
6	15	1.0
7	2	1.0
7	6	0.5
7	8	1.5
7	9	0.5
7	57	1.0
7	10	0.5
7	58	1.0
7	12	1.0
7	14	1.0
8	2	1.0
8	6	0.5
8	7	1.5
8	9	0.5
8	57	1.0
8	10	0.5
8	58	1.0
8	12	1.0
8	14	1.0
9	161	1.0
9	51	1.0
9	6	0.5
9	7	0.5
9	8	0.5
9	10	0.5
10	6	1.5
10	7	0.5
10	8	0.5
10	9	0.5
10	11	1.0
10	476	1.0
10	15	1.0
11	6	1.0
11	10	1.0
11	12	0.5
11	476	1.0
11	13	0.5
11	14	0.5
11	15	1.5
12	2	1.0
12	7	1.0
12	8	1.0
12	57	1.0
12	58	1.0
12	11	0.5
12	13	0.5
12	14	1.5
12	15	0.5
13	228	1.0
13	279	1.0
13	329	1.0
13	11	0.5
13	12	0.5
13	333	1.0
13	14	0.5
13	15	0.5
14	2	1.0
14	7	1.0
14	8	1.0
14	57	1.0
14	58	1.0
14	11	0.5
14	12	1.5
14	13	0.5
14	15	0.5
15	6	1.0
15	10	1.0
15	11	1.5
15	12	0.5
15	476	1.0
15	13	0.5
15	14	0.5
16	17	1.5
16	18	1.5
16	19	0.5
16	20	0.5
17	16	1.5
17	18	1.5
17	19	0.5
17	20	0.5
18	16	1.5
18	17	1.5
18	19	0.5
18	20	0.5
19	16	0.5
19	17	0.5
19	18	0.5
19	20	1.5
19	24	1.0
19	27	1.0
20	16	0.5
20	17	0.5
20	18	0.5
20	19	1.5
20	24	1.0
20	27	1.0
21	341	1.0
21	22	0.5
21	23	0.5
21	24	0.5
21	25	0.5
21	345	1.0
21	298	1.0
21	300	1.0
21	399	1.0
22	67	1.0
22	21	0.5
22	23	1.5
22	24	0.5
22	72	1.0
22	25	0.5
22	74	1.0
22	76	1.0
22	124	1.0
23	67	1.0
23	21	0.5
23	22	1.5
23	24	0.5
23	72	1.0
23	25	0.5
23	74	1.0
23	76	1.0
23	124	1.0
24	19	1.0
24	20	1.0
24	21	0.5
24	22	0.5
24	23	0.5
24	25	0.5
24	27	1.0
25	21	0.5
25	22	0.5
25	23	0.5
25	24	0.5
25	26	1.0
26	25	1.0
26	27	0.5
26	28	0.5
26	29	0.5
26	30	0.5
27	19	1.0
27	20	1.0
27	24	1.0
27	26	0.5
27	28	0.5
27	29	0.5
27	30	0.5
28	35	1.0
28	38	1.0
28	26	0.5
28	218	1.0
28	426	1.0
28	27	0.5
28	29	0.5
28	30	1.5
29	128	1.0
29	81	1.0
29	83	1.0
29	5	1.0
29	71	1.0
29	73	1.0
29	26	0.5
29	27	0.5
29	28	0.5
29	77	1.0
29	30	0.5
29	126	1.0
30	35	1.0
30	38	1.0
30	26	0.5
30	218	1.0
30	426	1.0
30	27	0.5
30	28	1.5
30	29	0.5
31	32	1.5
31	33	1.5
31	34	0.5
31	35	0.5
31	131	1.0
31	84	1.0
31	86	1.0
31	87	1.0
31	79	1.0
32	33	1.5
32	34	0.5
32	35	0.5
32	131	1.0
32	84	1.0
32	86	1.0
32	87	1.0
32	31	1.5
32	79	1.0
33	32	1.5
33	34	0.5
33	35	0.5
33	131	1.0
33	84	1.0
33	86	1.0
33	87	1.0
33	31	1.5
33	79	1.0
34	32	0.5
34	33	0.5
34	35	0.5
34	115	1.0
34	168	1.0
34	123	1.0
34	31	0.5
35	32	0.5
35	33	0.5
35	34	0.5
35	38	1.0
35	218	1.0
35	426	1.0
35	28	1.0
35	30	1.0
35	31	0.5
36	289	1.0
36	82	1.0
36	37	0.5
36	38	0.5
36	39	0.5
36	40	1.5
36	138	1.0
36	91	1.0
36	92	1.0
36	94	1.0
37	36	0.5
37	38	0.5
37	39	0.5
37	40	0.5
37	42	1.0
37	495	1.0
38	35	1.0
38	36	0.5
38	37	0.5
38	39	0.5
38	40	0.5
38	218	1.0
38	426	1.0
38	28	1.0
38	30	1.0
39	36	0.5
39	37	0.5
39	38	0.5
39	40	0.5
39	44	1.0
39	46	1.0
39	47	1.0
40	289	1.0
40	82	1.0
40	36	1.5
40	37	0.5
40	38	0.5
40	39	0.5
40	138	1.0
40	91	1.0
40	92	1.0
40	94	1.0
41	99	1.0
41	89	1.0
41	42	0.5
41	43	0.5
41	44	0.5
41	45	0.5
41	143	1.0
42	37	1.0
42	41	0.5
42	43	0.5
42	44	0.5
42	45	0.5
42	495	1.0
43	49	1.0
43	41	0.5
43	42	0.5
43	44	0.5
43	45	1.5
44	39	1.0
44	41	0.5
44	42	0.5
44	43	0.5
44	45	0.5
44	46	1.0
44	47	1.0
45	49	1.0
45	41	0.5
45	42	0.5
45	43	1.5
45	44	0.5
46	48	0.5
46	49	0.5
46	50	0.5
46	39	1.0
46	44	1.0
46	47	1.5
47	48	0.5
47	49	0.5
47	50	0.5
47	39	1.0
47	44	1.0
47	46	1.5
48	160	1.0
48	101	1.0
48	203	1.0
48	204	1.0
48	332	1.0
48	46	0.5
48	47	0.5
48	49	0.5
48	50	0.5
48	151	1.0
48	154	1.0
48	156	1.0
48	159	1.0
49	48	0.5
49	50	0.5
49	43	1.0
49	45	1.0
49	46	0.5
49	47	0.5
50	48	0.5
50	49	0.5
50	93	1.0
50	46	0.5
50	47	0.5
50	95	1.0
51	161	1.0
51	52	0.5
51	53	0.5
51	54	0.5
51	55	0.5
51	9	1.0
52	51	0.5
52	53	1.5
52	54	0.5
52	55	0.5
52	335	1.0
53	51	0.5
53	52	1.5
53	54	0.5
53	55	0.5
53	335	1.0
54	352	1.0
54	51	0.5
54	52	0.5
54	53	0.5
54	55	0.5
54	110	1.0
55	482	1.0
55	51	0.5
55	435	1.0
55	483	1.0
55	52	0.5
55	53	0.5
55	54	0.5
55	486	1.0
55	490	1.0
56	3	1.0
56	403	1.0
56	499	1.0
56	4	1.0
56	103	1.0
56	104	1.0
56	57	0.5
56	105	1.0
56	58	0.5
56	59	1.5
56	60	0.5
57	2	1.0
57	7	1.0
57	56	0.5
57	8	1.0
57	58	1.5
57	59	0.5
57	60	0.5
57	12	1.0
57	14	1.0
58	2	1.0
58	7	1.0
58	56	0.5
58	8	1.0
58	57	1.5
58	59	0.5
58	60	0.5
58	12	1.0
58	14	1.0
59	3	1.0
59	403	1.0
59	499	1.0
59	4	1.0
59	103	1.0
59	56	1.5
59	104	1.0
59	57	0.5
59	105	1.0
59	58	0.5
59	60	0.5
60	56	0.5
60	57	0.5
60	58	0.5
60	59	0.5
60	111	1.0
61	64	0.5
61	480	1.0
61	65	0.5
61	376	1.0
61	378	1.0
61	379	1.0
61	62	0.5
61	478	1.0
61	63	0.5
62	64	0.5
62	65	1.5
62	66	1.0
62	68	1.0
62	116	1.0
62	120	1.0
62	61	0.5
62	63	0.5
63	64	0.5
63	65	0.5
63	467	1.0
63	199	1.0
63	137	1.0
63	460	1.0
63	61	0.5
63	461	1.0
63	62	0.5
64	240	1.0
64	336	1.0
64	65	0.5
64	182	1.0
64	184	1.0
64	140	1.0
64	61	0.5
64	237	1.0
64	62	0.5
64	63	0.5
64	239	1.0
65	64	0.5
65	66	1.0
65	68	1.0
65	116	1.0
65	120	1.0
65	61	0.5
65	62	1.5
65	63	0.5
66	65	1.0
66	67	0.5
66	68	1.5
66	116	1.0
66	69	0.5
66	70	0.5
66	120	1.0
66	62	1.0
67	66	0.5
67	68	0.5
67	69	0.5
67	70	0.5
67	22	1.0
67	23	1.0
67	72	1.0
67	74	1.0
67	76	1.0
67	124	1.0
68	65	1.0
68	66	1.5
68	67	0.5
68	116	1.0
68	69	0.5
68	70	0.5
68	120	1.0
68	62	1.0
69	433	1.0
69	66	0.5
69	67	0.5
69	68	0.5
69	437	1.0
69	70	0.5
69	207	1.0
69	431	1.0
70	66	0.5
70	434	1.0
70	67	0.5
70	68	0.5
70	69	0.5
70	389	1.0
70	380	1.0
71	128	1.0
71	81	1.0
71	83	1.0
71	5	1.0
71	72	0.5
71	73	1.5
71	74	0.5
71	75	0.5
71	29	1.0
71	77	1.0
71	126	1.0
72	67	1.0
72	22	1.0
72	71	0.5
72	23	1.0
72	73	0.5
72	74	1.5
72	75	0.5
72	76	1.0
72	124	1.0
73	128	1.0
73	81	1.0
73	83	1.0
73	5	1.0
73	71	1.5
73	72	0.5
73	74	0.5
73	75	0.5
73	29	1.0
73	77	1.0
73	126	1.0
74	67	1.0
74	22	1.0
74	71	0.5
74	23	1.0
74	72	1.5
74	73	0.5
74	75	0.5
74	76	1.0
74	124	1.0
75	80	1.0
75	129	1.0
75	134	1.0
75	71	0.5
75	135	1.0
75	72	0.5
75	73	0.5
75	121	1.0
75	74	0.5
75	122	1.0
76	80	0.5
76	67	1.0
76	22	1.0
76	23	1.0
76	72	1.0
76	74	1.0
76	124	1.0
76	77	0.5
76	78	0.5
76	79	0.5
77	80	0.5
77	128	1.0
77	81	1.0
77	83	1.0
77	5	1.0
77	71	1.0
77	73	1.0
77	76	0.5
77	29	1.0
77	78	0.5
77	126	1.0
77	79	0.5
78	80	0.5
78	320	1.0
78	417	1.0
78	76	0.5
78	77	0.5
78	365	1.0
78	477	1.0
78	79	0.5
78	367	1.0
79	80	0.5
79	32	1.0
79	33	1.0
79	131	1.0
79	84	1.0
79	86	1.0
79	87	1.0
79	76	0.5
79	77	0.5
79	78	0.5
79	31	1.0
80	129	1.0
80	134	1.0
80	135	1.0
80	121	1.0
80	122	1.0
80	75	1.0
80	76	0.5
80	77	0.5
80	78	0.5
80	79	0.5
81	128	1.0
81	82	0.5
81	83	1.5
81	84	0.5
81	85	0.5
81	5	1.0
81	71	1.0
81	73	1.0
81	29	1.0
81	77	1.0
81	126	1.0
82	81	0.5
82	289	1.0
82	83	0.5
82	84	0.5
82	36	1.0
82	85	0.5
82	40	1.0
82	138	1.0
82	91	1.0
82	92	1.0
82	94	1.0
83	128	1.0
83	81	1.5
83	82	0.5
83	84	0.5
83	85	0.5
83	5	1.0
83	71	1.0
83	73	1.0
83	29	1.0
83	77	1.0
83	126	1.0
84	32	1.0
84	81	0.5
84	33	1.0
84	82	0.5
84	83	0.5
84	131	1.0
84	85	0.5
84	86	1.0
84	87	1.0
84	31	1.0
84	79	1.0
85	81	0.5
85	82	0.5
85	130	1.0
85	83	0.5
85	84	0.5
85	185	1.0
86	32	1.0
86	33	1.0
86	131	1.0
86	84	1.0
86	87	1.5
86	88	0.5
86	89	0.5
86	90	0.5
86	31	1.0
86	79	1.0
87	32	1.0
87	33	1.0
87	131	1.0
87	84	1.0
87	86	1.5
87	88	0.5
87	89	0.5
87	90	0.5
87	31	1.0
87	79	1.0
88	224	1.0
88	86	0.5
88	87	0.5
88	136	1.0
88	89	0.5
88	90	0.5
89	99	1.0
89	86	0.5
89	87	0.5
89	88	0.5
89	41	1.0
89	90	0.5
89	143	1.0
90	386	1.0
90	86	0.5
90	342	1.0
90	87	0.5
90	88	0.5
90	89	0.5
90	287	1.0
91	289	1.0
91	82	1.0
91	36	1.0
91	40	1.0
91	138	1.0
91	92	1.5
91	93	0.5
91	94	1.5
91	95	0.5
92	289	1.0
92	82	1.0
92	36	1.0
92	40	1.0
92	138	1.0
92	91	1.5
92	93	0.5
92	94	1.5
92	95	0.5
93	50	1.0
93	91	0.5
93	92	0.5
93	94	0.5
93	95	1.5
94	289	1.0
94	82	1.0
94	36	1.0
94	40	1.0
94	138	1.0
94	91	1.5
94	92	1.5
94	93	0.5
94	95	0.5
95	50	1.0
95	91	0.5
95	92	0.5
95	93	1.5
95	94	0.5
96	97	1.5
96	98	0.5
96	146	1.0
96	99	0.5
96	100	0.5
96	196	1.0
96	108	1.0
96	142	1.0
97	96	1.5
97	98	0.5
97	146	1.0
97	99	0.5
97	100	0.5
97	196	1.0
97	108	1.0
97	142	1.0
98	96	0.5
98	97	0.5
98	99	0.5
98	100	0.5
98	296	1.0
98	249	1.0
98	297	1.0
99	96	0.5
99	97	0.5
99	98	0.5
99	100	0.5
99	41	1.0
99	89	1.0
99	143	1.0
100	96	0.5
100	97	0.5
100	241	1.0
100	98	0.5
100	99	0.5
100	118	1.0
100	411	1.0
100	125	1.0
100	127	1.0
101	160	1.0
101	102	0.5
101	103	0.5
101	104	0.5
101	105	0.5
101	203	1.0
101	204	1.0
101	332	1.0
101	48	1.0
101	151	1.0
101	154	1.0
101	156	1.0
101	159	1.0
102	101	0.5
102	278	1.0
102	103	0.5
102	104	0.5
102	105	0.5
102	266	1.0
102	268	1.0
102	318	1.0
103	3	1.0
103	403	1.0
103	499	1.0
103	4	1.0
103	101	0.5
103	102	0.5
103	104	1.5
103	56	1.0
103	105	1.5
103	59	1.0
104	3	1.0
104	403	1.0
104	499	1.0
104	4	1.0
104	101	0.5
104	102	0.5
104	103	1.5
104	56	1.0
104	105	1.5
104	59	1.0
105	3	1.0
105	403	1.0
105	499	1.0
105	4	1.0
105	101	0.5
105	102	0.5
105	103	1.5
105	104	1.5
105	56	1.0
105	59	1.0
106	112	1.0
106	114	1.0
106	107	1.5
106	108	0.5
106	109	0.5
106	110	0.5
107	112	1.0
107	114	1.0
107	106	1.5
107	108	0.5
107	109	0.5
107	110	0.5
108	96	1.0
108	97	1.0
108	146	1.0
108	196	1.0
108	106	0.5
108	107	0.5
108	109	0.5
108	110	0.5
108	142	1.0
109	113	1.0
109	119	1.0
109	106	0.5
109	107	0.5
109	108	0.5
109	110	0.5
110	352	1.0
110	54	1.0
110	106	0.5
110	107	0.5
110	108	0.5
110	109	0.5
111	112	0.5
111	113	0.5
111	114	0.5
111	115	0.5
111	60	1.0
112	113	0.5
112	114	1.5
112	115	0.5
112	106	1.0
112	107	1.0
112	111	0.5
113	112	0.5
113	114	0.5
113	115	0.5
113	119	1.0
113	109	1.0
113	111	0.5
114	112	1.5
114	113	0.5
114	115	0.5
114	106	1.0
114	107	1.0
114	111	0.5
115	112	0.5
115	113	0.5
115	114	0.5
115	34	1.0
115	168	1.0
115	123	1.0
115	111	0.5
116	65	1.0
116	66	1.0
116	68	1.0
116	117	0.5
116	118	0.5
116	119	0.5
116	120	1.5
116	62	1.0
117	116	0.5
117	118	0.5
117	119	0.5
117	120	0.5
117	173	1.0
117	175	1.0
118	241	1.0
118	116	0.5
118	100	1.0
118	117	0.5
118	119	0.5
118	120	0.5
118	411	1.0
118	125	1.0
118	127	1.0
119	113	1.0
119	116	0.5
119	117	0.5
119	118	0.5
119	120	0.5
119	109	1.0
120	65	1.0
120	66	1.0
120	116	1.5
120	68	1.0
120	117	0.5
120	118	0.5
120	119	0.5
120	62	1.0
121	80	1.0
121	129	1.0
121	134	1.0
121	135	1.0
121	122	1.5
121	123	0.5
121	75	1.0
121	124	0.5
121	125	0.5
122	80	1.0
122	129	1.0
122	134	1.0
122	135	1.0
122	121	1.5
122	123	0.5
122	75	1.0
122	124	0.5
122	125	0.5
123	34	1.0
123	115	1.0
123	168	1.0
123	121	0.5
123	122	0.5
123	124	0.5
123	125	0.5
124	67	1.0
124	22	1.0
124	23	1.0
124	72	1.0
124	121	0.5
124	122	0.5
124	74	1.0
124	123	0.5
124	76	1.0
124	125	0.5
125	241	1.0
125	100	1.0
125	118	1.0
125	121	0.5
125	122	0.5
125	123	0.5
125	411	1.0
125	124	0.5
125	127	1.0
126	128	1.5
126	129	0.5
126	81	1.0
126	130	0.5
126	83	1.0
126	5	1.0
126	71	1.0
126	73	1.0
126	29	1.0
126	77	1.0
126	127	0.5
127	128	0.5
127	129	0.5
127	241	1.0
127	130	0.5
127	100	1.0
127	118	1.0
127	411	1.0
127	125	1.0
127	126	0.5
128	129	0.5
128	81	1.0
128	130	0.5
128	83	1.0
128	5	1.0
128	71	1.0
128	73	1.0
128	29	1.0
128	77	1.0
128	126	1.5
128	127	0.5
129	128	0.5
129	80	1.0
129	130	0.5
129	134	1.0
129	135	1.0
129	121	1.0
129	122	1.0
129	75	1.0
129	126	0.5
129	127	0.5
130	128	0.5
130	129	0.5
130	85	1.0
130	185	1.0
130	126	0.5
130	127	0.5
131	32	1.0
131	33	1.0
131	132	0.5
131	84	1.0
131	133	0.5
131	134	0.5
131	86	1.0
131	135	0.5
131	87	1.0
131	31	1.0
131	79	1.0
132	131	0.5
132	133	0.5
132	134	0.5
132	135	0.5
132	232	1.0
132	233	1.0
132	235	1.0
132	366	1.0
132	401	1.0
132	178	1.0
132	179	1.0
132	183	1.0
132	189	1.0
132	190	1.0
133	131	0.5
133	132	0.5
133	134	0.5
133	135	0.5
133	295	1.0
133	248	1.0
133	250	1.0
133	346	1.0
133	299	1.0
133	349	1.0
134	80	1.0
134	129	1.0
134	131	0.5
134	132	0.5
134	133	0.5
134	135	1.5
134	121	1.0
134	122	1.0
134	75	1.0
135	80	1.0
135	129	1.0
135	131	0.5
135	132	0.5
135	133	0.5
135	134	1.5
135	121	1.0
135	122	1.0
135	75	1.0
136	224	1.0
136	88	1.0
136	137	0.5
136	138	0.5
136	139	0.5
136	140	0.5
137	467	1.0
137	199	1.0
137	136	0.5
137	138	0.5
137	139	0.5
137	140	0.5
137	460	1.0
137	461	1.0
137	63	1.0
138	289	1.0
138	82	1.0
138	36	1.0
138	136	0.5
138	40	1.0
138	137	0.5
138	139	0.5
138	91	1.0
138	140	0.5
138	92	1.0
138	94	1.0
139	148	1.0
139	452	1.0
139	136	0.5
139	456	1.0
139	488	1.0
139	137	0.5
139	138	0.5
139	459	1.0
139	140	0.5
139	252	1.0
140	64	1.0
140	240	1.0
140	336	1.0
140	182	1.0
140	136	0.5
140	184	1.0
140	137	0.5
140	138	0.5
140	139	0.5
140	237	1.0
140	239	1.0
141	144	0.5
141	145	0.5
141	149	1.0
141	142	0.5
141	143	0.5
141	191	1.0
142	144	0.5
142	96	1.0
142	145	0.5
142	97	1.0
142	146	1.0
142	196	1.0
142	108	1.0
142	141	0.5
142	143	0.5
143	144	0.5
143	145	0.5
143	99	1.0
143	41	1.0
143	89	1.0
143	141	0.5
143	142	0.5
144	145	0.5
144	242	1.0
144	200	1.0
144	141	0.5
144	142	0.5
144	143	0.5
145	144	0.5
145	323	1.0
145	244	1.0
145	324	1.0
145	245	1.0
145	231	1.0
145	187	1.0
145	188	1.0
145	141	0.5
145	142	0.5
145	143	0.5
146	96	1.0
146	97	1.0
146	147	0.5
146	148	0.5
146	196	1.0
146	149	0.5
146	150	0.5
146	108	1.0
146	142	1.0
147	146	0.5
147	259	1.0
147	148	0.5
147	149	0.5
147	150	0.5
147	423	1.0
147	251	1.0
147	255	1.0
148	146	0.5
148	147	0.5
148	452	1.0
148	149	0.5
148	150	0.5
148	456	1.0
148	488	1.0
148	139	1.0
148	459	1.0
148	252	1.0
149	146	0.5
149	147	0.5
149	148	0.5
149	150	0.5
149	141	1.0
149	191	1.0
150	337	1.0
150	146	0.5
150	147	0.5
150	148	0.5
150	340	1.0
150	436	1.0
150	149	0.5
150	439	1.0
150	394	1.0
151	48	1.0
151	160	1.0
151	101	1.0
151	152	0.5
151	153	0.5
151	154	1.5
151	155	0.5
151	203	1.0
151	156	1.0
151	204	1.0
151	332	1.0
151	159	1.0
152	209	1.0
152	151	0.5
152	153	0.5
152	154	0.5
152	155	0.5
152	158	1.0
153	151	0.5
153	152	0.5
153	201	1.0
153	154	0.5
153	155	1.5
153	205	1.0
153	206	1.0
153	254	1.0
154	48	1.0
154	160	1.0
154	101	1.0
154	151	1.5
154	152	0.5
154	153	0.5
154	155	0.5
154	203	1.0
154	156	1.0
154	204	1.0
154	332	1.0
154	159	1.0
155	151	0.5
155	152	0.5
155	153	1.5
155	201	1.0
155	154	0.5
155	205	1.0
155	206	1.0
155	254	1.0
156	160	1.5
156	48	1.0
156	101	1.0
156	151	1.0
156	154	1.0
156	203	1.0
156	204	1.0
156	332	1.0
156	157	0.5
156	158	0.5
156	159	1.5
157	160	0.5
157	258	1.0
157	215	1.0
157	156	0.5
157	158	0.5
157	159	0.5
158	160	0.5
158	209	1.0
158	152	1.0
158	156	0.5
158	157	0.5
158	159	0.5
159	160	1.5
159	48	1.0
159	101	1.0
159	151	1.0
159	154	1.0
159	203	1.0
159	156	1.5
159	204	1.0
159	332	1.0
159	157	0.5
159	158	0.5
160	48	1.0
160	101	1.0
160	151	1.0
160	154	1.0
160	203	1.0
160	156	1.5
160	204	1.0
160	332	1.0
160	157	0.5
160	158	0.5
160	159	1.5
161	162	0.5
161	163	0.5
161	51	1.0
161	164	0.5
161	165	0.5
161	9	1.0
162	161	0.5
162	385	1.0
162	163	0.5
162	164	0.5
162	165	0.5
162	327	1.0
162	377	1.0
162	330	1.0
162	383	1.0
163	161	0.5
163	162	0.5
163	211	1.0
163	164	0.5
163	165	0.5
163	202	1.0
164	208	1.0
164	161	0.5
164	162	0.5
164	163	0.5
164	165	0.5
164	277	1.0
164	294	1.0
164	343	1.0
164	391	1.0
165	161	0.5
165	162	0.5
165	210	1.0
165	163	0.5
165	164	0.5
165	213	1.0
165	263	1.0
165	264	1.0
165	217	1.0
165	265	1.0
166	402	1.0
166	406	1.0
166	167	0.5
166	407	1.0
166	168	0.5
166	169	0.5
166	170	0.5
166	412	1.0
167	212	1.0
167	166	0.5
167	168	0.5
167	169	0.5
167	170	0.5
167	267	1.0
168	34	1.0
168	115	1.0
168	166	0.5
168	167	0.5
168	169	0.5
168	170	0.5
168	123	1.0
169	321	1.0
169	353	1.0
169	371	1.0
169	166	0.5
169	326	1.0
169	167	0.5
169	168	0.5
169	170	0.5
170	225	1.0
170	180	1.0
170	166	0.5
170	167	0.5
170	168	0.5
170	169	0.5
170	347	1.0
170	221	1.0
171	274	1.0
171	275	1.0
171	229	1.0
171	172	1.5
171	173	0.5
171	174	1.5
171	175	0.5
172	274	1.0
172	275	1.0
172	229	1.0
172	171	1.5
172	173	0.5
172	174	1.5
172	175	0.5
173	117	1.0
173	171	0.5
173	172	0.5
173	174	0.5
173	175	1.5
174	274	1.0
174	275	1.0
174	229	1.0
174	171	1.5
174	172	1.5
174	173	0.5
174	175	0.5
175	117	1.0
175	171	0.5
175	172	0.5
175	173	1.5
175	174	0.5
176	177	0.5
176	178	0.5
176	226	1.0
176	179	0.5
176	180	0.5
176	230	1.0
176	222	1.0
176	223	1.0
177	176	0.5
177	178	0.5
177	179	0.5
177	180	0.5
177	181	1.0
178	132	1.0
178	232	1.0
178	233	1.0
178	235	1.0
178	366	1.0
178	176	0.5
178	177	0.5
178	401	1.0
178	179	1.5
178	180	0.5
178	183	1.0
178	189	1.0
178	190	1.0
179	132	1.0
179	232	1.0
179	233	1.0
179	235	1.0
179	366	1.0
179	176	0.5
179	177	0.5
179	401	1.0
179	178	1.5
179	180	0.5
179	183	1.0
179	189	1.0
179	190	1.0
180	176	0.5
180	177	0.5
180	225	1.0
180	178	0.5
180	179	0.5
180	170	1.0
180	347	1.0
180	221	1.0
181	177	1.0
181	182	0.5
181	183	0.5
181	184	0.5
181	185	0.5
182	64	1.0
182	240	1.0
182	336	1.0
182	181	0.5
182	183	0.5
182	184	1.5
182	185	0.5
182	140	1.0
182	237	1.0
182	239	1.0
183	132	1.0
183	232	1.0
183	233	1.0
183	235	1.0
183	366	1.0
183	401	1.0
183	178	1.0
183	179	1.0
183	181	0.5
183	182	0.5
183	184	0.5
183	185	0.5
183	189	1.0
183	190	1.0
184	64	1.0
184	240	1.0
184	336	1.0
184	181	0.5
184	182	1.5
184	183	0.5
184	185	0.5
184	140	1.0
184	237	1.0
184	239	1.0
185	130	1.0
185	181	0.5
185	85	1.0
185	182	0.5
185	183	0.5
185	184	0.5
186	453	1.0
186	408	1.0
186	410	1.0
186	187	0.5
186	188	0.5
186	189	0.5
186	190	0.5
187	145	1.0
187	323	1.0
187	244	1.0
187	324	1.0
187	245	1.0
187	231	1.0
187	186	0.5
187	188	1.5
187	189	0.5
187	190	0.5
188	145	1.0
188	323	1.0
188	244	1.0
188	324	1.0
188	245	1.0
188	231	1.0
188	186	0.5
188	187	1.5
188	189	0.5
188	190	0.5
189	132	1.0
189	232	1.0
189	233	1.0
189	235	1.0
189	366	1.0
189	401	1.0
189	178	1.0
189	179	1.0
189	183	1.0
189	186	0.5
189	187	0.5
189	188	0.5
189	190	1.5
190	132	1.0
190	232	1.0
190	233	1.0
190	235	1.0
190	366	1.0
190	401	1.0
190	178	1.0
190	179	1.0
190	183	1.0
190	186	0.5
190	187	0.5
190	188	0.5
190	189	1.5
191	192	0.5
191	193	0.5
191	194	0.5
191	195	0.5
191	149	1.0
191	141	1.0
192	193	1.5
192	194	0.5
192	195	0.5
192	197	1.0
192	198	1.0
192	246	1.0
192	191	0.5
193	192	1.5
193	194	0.5
193	195	0.5
193	197	1.0
193	198	1.0
193	246	1.0
193	191	0.5
194	192	0.5
194	193	0.5
194	195	1.5
194	291	1.0
194	293	1.0
194	247	1.0
194	191	0.5
195	192	0.5
195	193	0.5
195	194	1.5
195	291	1.0
195	293	1.0
195	247	1.0
195	191	0.5
196	96	1.0
196	97	1.0
196	146	1.0
196	197	0.5
196	198	0.5
196	199	0.5
196	200	0.5
196	108	1.0
196	142	1.0
197	192	1.0
197	193	1.0
197	196	0.5
197	198	1.5
197	246	1.0
197	199	0.5
197	200	0.5
198	192	1.0
198	193	1.0
198	196	0.5
198	197	1.5
198	246	1.0
198	199	0.5
198	200	0.5
199	467	1.0
199	196	0.5
199	197	0.5
199	198	0.5
199	200	0.5
199	137	1.0
199	460	1.0
199	461	1.0
199	63	1.0
200	144	1.0
200	242	1.0
200	196	0.5
200	197	0.5
200	198	0.5
200	199	0.5
201	153	1.0
201	202	0.5
201	203	0.5
201	155	1.0
201	204	0.5
201	205	1.5
201	206	1.0
201	254	1.0
202	163	1.0
202	211	1.0
202	201	0.5
202	203	0.5
202	204	0.5
202	205	0.5
203	48	1.0
203	160	1.0
203	101	1.0
203	151	1.0
203	201	0.5
203	202	0.5
203	154	1.0
203	204	1.5
203	156	1.0
203	332	1.0
203	205	0.5
203	159	1.0
204	48	1.0
204	160	1.0
204	101	1.0
204	151	1.0
204	201	0.5
204	202	0.5
204	154	1.0
204	203	1.5
204	156	1.0
204	332	1.0
204	205	0.5
204	159	1.0
205	201	1.5
205	153	1.0
205	202	0.5
205	203	0.5
205	155	1.0
205	204	0.5
205	206	1.0
205	254	1.0
206	208	0.5
206	209	0.5
206	210	0.5
206	153	1.0
206	201	1.0
206	155	1.0
206	205	1.0
206	254	1.0
206	207	0.5
207	208	0.5
207	209	0.5
207	433	1.0
207	210	0.5
207	69	1.0
207	437	1.0
207	206	0.5
207	431	1.0
208	209	0.5
208	210	0.5
208	164	1.0
208	277	1.0
208	294	1.0
208	343	1.0
208	391	1.0
208	206	0.5
208	207	0.5
209	208	0.5
209	210	0.5
209	152	1.0
209	206	0.5
209	158	1.0
209	207	0.5
210	208	0.5
210	209	0.5
210	165	1.0
210	213	1.0
210	263	1.0
210	264	1.0
210	217	1.0
210	265	1.0
210	206	0.5
210	207	0.5
211	163	1.0
211	212	0.5
211	213	0.5
211	214	0.5
211	215	0.5
211	202	1.0
212	211	0.5
212	213	0.5
212	214	0.5
212	215	0.5
212	167	1.0
212	267	1.0
213	210	1.0
213	211	0.5
213	212	0.5
213	165	1.0
213	214	0.5
213	215	0.5
213	263	1.0
213	264	1.0
213	217	1.0
213	265	1.0
214	211	0.5
214	419	1.0
214	212	0.5
214	500	1.0
214	213	0.5
214	261	1.0
214	215	0.5
215	258	1.0
215	211	0.5
215	212	0.5
215	213	0.5
215	214	0.5
215	157	1.0
216	272	1.0
216	273	1.0
216	217	0.5
216	218	0.5
216	219	1.5
216	220	1.5
216	316	1.0
216	317	1.0
217	210	1.0
217	165	1.0
217	213	1.0
217	263	1.0
217	216	0.5
217	264	1.0
217	265	1.0
217	218	0.5
217	219	0.5
217	220	0.5
218	35	1.0
218	38	1.0
218	216	0.5
218	217	0.5
218	426	1.0
218	219	0.5
218	220	0.5
218	28	1.0
218	30	1.0
219	272	1.0
219	273	1.0
219	216	1.5
219	217	0.5
219	218	0.5
219	220	1.5
219	316	1.0
219	317	1.0
220	272	1.0
220	273	1.0
220	216	1.5
220	217	0.5
220	218	0.5
220	219	1.5
220	316	1.0
220	317	1.0
221	224	0.5
221	225	1.5
221	180	1.0
221	170	1.0
221	347	1.0
221	222	0.5
221	223	0.5
222	224	0.5
222	176	1.0
222	225	0.5
222	226	1.0
222	230	1.0
222	221	0.5
222	223	1.5
223	224	0.5
223	176	1.0
223	225	0.5
223	226	1.0
223	230	1.0
223	221	0.5
223	222	1.5
224	225	0.5
224	88	1.0
224	136	1.0
224	221	0.5
224	222	0.5
224	223	0.5
225	224	0.5
225	180	1.0
225	170	1.0
225	347	1.0
225	221	1.5
225	222	0.5
225	223	0.5
226	176	1.0
226	227	0.5
226	228	0.5
226	229	0.5
226	230	1.5
226	222	1.0
226	223	1.0
227	226	0.5
227	228	0.5
227	229	0.5
227	230	0.5
227	236	1.0
227	285	1.0
228	226	0.5
228	227	0.5
228	229	0.5
228	230	0.5
228	279	1.0
228	329	1.0
228	13	1.0
228	333	1.0
229	226	0.5
229	274	1.0
229	227	0.5
229	275	1.0
229	228	0.5
229	230	0.5
229	171	1.0
229	172	1.0
229	174	1.0
230	176	1.0
230	226	1.5
230	227	0.5
230	228	0.5
230	229	0.5
230	222	1.0
230	223	1.0
231	145	1.0
231	323	1.0
231	244	1.0
231	324	1.0
231	245	1.0
231	232	0.5
231	233	0.5
231	234	0.5
231	235	0.5
231	187	1.0
231	188	1.0
232	401	1.0
232	178	1.0
232	179	1.0
232	132	1.0
232	231	0.5
232	183	1.0
232	233	1.5
232	234	0.5
232	235	1.5
232	189	1.0
232	190	1.0
232	366	1.0
233	401	1.0
233	178	1.0
233	179	1.0
233	132	1.0
233	231	0.5
233	183	1.0
233	232	1.5
233	234	0.5
233	235	1.5
233	189	1.0
233	190	1.0
233	366	1.0
234	276	1.0
234	231	0.5
234	375	1.0
234	232	0.5
234	280	1.0
234	360	1.0
234	233	0.5
234	282	1.0
234	235	0.5
234	283	1.0
234	271	1.0
235	401	1.0
235	178	1.0
235	179	1.0
235	132	1.0
235	231	0.5
235	183	1.0
235	232	1.5
235	233	1.5
235	234	0.5
235	189	1.0
235	190	1.0
235	366	1.0
236	240	0.5
236	227	1.0
236	237	0.5
236	285	1.0
236	238	0.5
236	239	0.5
237	240	1.5
237	64	1.0
237	336	1.0
237	182	1.0
237	184	1.0
237	236	0.5
237	140	1.0
237	238	0.5
237	239	1.5
238	240	0.5
238	339	1.0
238	292	1.0
238	404	1.0
238	236	0.5
238	284	1.0
238	237	0.5
238	239	0.5
239	240	1.5
239	64	1.0
239	336	1.0
239	182	1.0
239	184	1.0
239	236	0.5
239	140	1.0
239	237	1.5
239	238	0.5
240	64	1.0
240	336	1.0
240	182	1.0
240	184	1.0
240	236	0.5
240	140	1.0
240	237	1.5
240	238	0.5
240	239	1.5
241	242	0.5
241	243	0.5
241	244	0.5
241	100	1.0
241	245	0.5
241	118	1.0
241	411	1.0
241	125	1.0
241	127	1.0
242	144	1.0
242	241	0.5
242	243	0.5
242	244	0.5
242	245	0.5
242	200	1.0
243	288	1.0
243	241	0.5
243	242	0.5
243	290	1.0
243	244	0.5
243	245	0.5
243	344	1.0
243	286	1.0
244	241	0.5
244	145	1.0
244	242	0.5
244	243	0.5
244	323	1.0
244	324	1.0
244	245	1.5
244	231	1.0
244	187	1.0
244	188	1.0
245	241	0.5
245	145	1.0
245	242	0.5
245	243	0.5
245	323	1.0
245	244	1.5
245	324	1.0
245	231	1.0
245	187	1.0
245	188	1.0
246	192	1.0
246	193	1.0
246	197	1.0
246	198	1.0
246	247	0.5
246	248	0.5
246	249	0.5
246	250	0.5
247	194	1.0
247	195	1.0
247	291	1.0
247	293	1.0
247	246	0.5
247	248	0.5
247	249	0.5
247	250	0.5
248	133	1.0
248	246	0.5
248	247	0.5
248	295	1.0
248	249	0.5
248	250	1.5
248	346	1.0
248	299	1.0
248	349	1.0
249	98	1.0
249	246	0.5
249	247	0.5
249	248	0.5
249	296	1.0
249	297	1.0
249	250	0.5
250	133	1.0
250	246	0.5
250	247	0.5
250	295	1.0
250	248	1.5
250	249	0.5
250	346	1.0
250	299	1.0
250	349	1.0
251	147	1.0
251	259	1.0
251	423	1.0
251	252	0.5
251	253	0.5
251	254	0.5
251	255	1.5
252	148	1.0
252	452	1.0
252	456	1.0
252	488	1.0
252	251	0.5
252	139	1.0
252	459	1.0
252	253	0.5
252	254	0.5
252	255	0.5
253	304	1.0
253	1	1.0
253	305	1.0
253	308	1.0
253	251	0.5
253	252	0.5
253	254	0.5
253	255	0.5
254	153	1.0
254	201	1.0
254	251	0.5
254	155	1.0
254	252	0.5
254	253	0.5
254	205	1.0
254	206	1.0
254	255	0.5
255	147	1.0
255	259	1.0
255	423	1.0
255	251	1.5
255	252	0.5
255	253	0.5
255	254	0.5
256	257	1.5
256	258	0.5
256	259	0.5
256	260	0.5
256	309	1.0
256	302	1.0
256	303	1.0
257	256	1.5
257	258	0.5
257	259	0.5
257	260	0.5
257	309	1.0
257	302	1.0
257	303	1.0
258	256	0.5
258	257	0.5
258	259	0.5
258	260	0.5
258	215	1.0
258	157	1.0
259	256	0.5
259	257	0.5
259	258	0.5
259	147	1.0
259	260	0.5
259	423	1.0
259	251	1.0
259	255	1.0
260	256	0.5
260	257	0.5
260	258	0.5
260	259	0.5
260	262	1.0
260	310	1.0
261	419	1.0
261	500	1.0
261	262	0.5
261	214	1.0
261	263	0.5
261	264	0.5
261	265	0.5
262	260	1.0
262	261	0.5
262	310	1.0
262	263	0.5
262	264	0.5
262	265	0.5
263	210	1.0
263	261	0.5
263	165	1.0
263	213	1.0
263	262	0.5
263	264	1.5
263	265	1.5
263	217	1.0
264	210	1.0
264	261	0.5
264	165	1.0
264	213	1.0
264	262	0.5
264	263	1.5
264	265	1.5
264	217	1.0
265	210	1.0
265	261	0.5
265	165	1.0
265	213	1.0
265	262	0.5
265	263	1.5
265	264	1.5
265	217	1.0
266	102	1.0
266	278	1.0
266	267	0.5
266	268	1.5
266	269	0.5
266	270	0.5
266	318	1.0
267	212	1.0
267	167	1.0
267	266	0.5
267	268	0.5
267	269	0.5
267	270	0.5
268	102	1.0
268	278	1.0
268	266	1.5
268	267	0.5
268	269	0.5
268	270	0.5
268	318	1.0
269	322	1.0
269	370	1.0
269	266	0.5
269	267	0.5
269	268	0.5
269	270	0.5
270	388	1.0
270	390	1.0
270	393	1.0
270	266	0.5
270	267	0.5
270	268	0.5
270	269	0.5
271	272	0.5
271	273	0.5
271	274	0.5
271	275	0.5
271	276	1.0
271	375	1.0
271	280	1.0
271	360	1.0
271	234	1.0
271	282	1.0
271	283	1.0
272	273	1.5
272	274	0.5
272	275	0.5
272	216	1.0
272	219	1.0
272	220	1.0
272	316	1.0
272	317	1.0
272	271	0.5
273	272	1.5
273	274	0.5
273	275	0.5
273	216	1.0
273	219	1.0
273	220	1.0
273	316	1.0
273	317	1.0
273	271	0.5
274	272	0.5
274	273	0.5
274	275	1.5
274	229	1.0
274	171	1.0
274	172	1.0
274	174	1.0
274	271	0.5
275	272	0.5
275	273	0.5
275	274	1.5
275	229	1.0
275	171	1.0
275	172	1.0
275	174	1.0
275	271	0.5
276	277	0.5
276	278	0.5
276	279	0.5
276	375	1.0
276	280	1.5
276	360	1.0
276	234	1.0
276	282	1.0
276	283	1.0
276	271	1.0
277	208	1.0
277	276	0.5
277	164	1.0
277	278	0.5
277	294	1.0
277	279	0.5
277	343	1.0
277	391	1.0
277	280	0.5
278	276	0.5
278	277	0.5
278	102	1.0
278	279	0.5
278	280	0.5
278	266	1.0
278	268	1.0
278	318	1.0
279	276	0.5
279	228	1.0
279	277	0.5
279	278	0.5
279	280	0.5
279	329	1.0
279	13	1.0
279	333	1.0
280	276	1.5
280	277	0.5
280	278	0.5
280	279	0.5
280	375	1.0
280	360	1.0
280	234	1.0
280	282	1.0
280	283	1.0
280	271	1.0
281	282	0.5
281	283	0.5
281	284	0.5
281	285	0.5
282	276	1.0
282	375	1.0
282	280	1.0
282	360	1.0
282	281	0.5
282	234	1.0
282	283	1.5
282	284	0.5
282	285	0.5
282	271	1.0
283	276	1.0
283	375	1.0
283	280	1.0
283	360	1.0
283	281	0.5
283	282	1.5
283	234	1.0
283	284	0.5
283	285	0.5
283	271	1.0
284	339	1.0
284	292	1.0
284	404	1.0
284	281	0.5
284	282	0.5
284	283	0.5
284	285	0.5
284	238	1.0
285	227	1.0
285	281	0.5
285	282	0.5
285	283	0.5
285	284	0.5
285	236	1.0
286	288	1.5
286	289	0.5
286	290	1.5
286	243	1.0
286	344	1.0
286	287	0.5
287	288	0.5
287	289	0.5
287	290	0.5
287	386	1.0
287	342	1.0
287	90	1.0
287	286	0.5
288	289	0.5
288	290	1.5
288	243	1.0
288	344	1.0
288	286	1.5
288	287	0.5
289	288	0.5
289	290	0.5
289	82	1.0
289	36	1.0
289	40	1.0
289	138	1.0
289	91	1.0
289	92	1.0
289	286	0.5
289	94	1.0
289	287	0.5
290	288	1.5
290	289	0.5
290	243	1.0
290	344	1.0
290	286	1.5
290	287	0.5
291	194	1.0
291	195	1.0
291	292	0.5
291	293	1.5
291	294	0.5
291	295	0.5
291	247	1.0
292	291	0.5
292	339	1.0
292	404	1.0
292	293	0.5
292	294	0.5
292	295	0.5
292	284	1.0
292	238	1.0
293	194	1.0
293	291	1.5
293	195	1.0
293	292	0.5
293	294	0.5
293	295	0.5
293	247	1.0
294	208	1.0
294	291	0.5
294	292	0.5
294	164	1.0
294	293	0.5
294	277	1.0
294	295	0.5
294	343	1.0
294	391	1.0
295	291	0.5
295	292	0.5
295	293	0.5
295	133	1.0
295	294	0.5
295	248	1.0
295	250	1.0
295	346	1.0
295	299	1.0
295	349	1.0
296	98	1.0
296	297	1.5
296	249	1.0
296	298	0.5
296	299	0.5
296	300	0.5
297	98	1.0
297	296	1.5
297	249	1.0
297	298	0.5
297	299	0.5
297	300	0.5
298	21	1.0
298	341	1.0
298	296	0.5
298	297	0.5
298	345	1.0
298	299	0.5
298	300	1.5
298	399	1.0
299	133	1.0
299	295	1.0
299	296	0.5
299	248	1.0
299	297	0.5
299	298	0.5
299	250	1.0
299	346	1.0
299	300	0.5
299	349	1.0
300	21	1.0
300	341	1.0
300	296	0.5
300	297	0.5
300	345	1.0
300	298	1.5
300	299	0.5
300	399	1.0
301	304	0.5
301	305	0.5
301	355	1.0
301	356	1.0
301	405	1.0
301	302	0.5
301	303	0.5
301	351	1.0
302	304	0.5
302	256	1.0
302	305	0.5
302	257	1.0
302	309	1.0
302	301	0.5
302	303	1.5
303	304	0.5
303	256	1.0
303	305	0.5
303	257	1.0
303	309	1.0
303	301	0.5
303	302	1.5
304	305	1.5
304	1	1.0
304	308	1.0
304	301	0.5
304	253	1.0
304	302	0.5
304	303	0.5
305	304	1.5
305	1	1.0
305	308	1.0
305	301	0.5
305	253	1.0
305	302	0.5
305	303	0.5
306	354	1.0
306	307	0.5
306	308	0.5
306	309	0.5
306	310	0.5
306	358	1.0
306	409	1.0
307	306	0.5
307	338	1.0
307	308	0.5
307	309	0.5
307	310	0.5
307	328	1.0
307	381	1.0
307	334	1.0
307	382	1.0
308	304	1.0
308	1	1.0
308	305	1.0
308	306	0.5
308	307	0.5
308	309	0.5
308	310	0.5
308	253	1.0
309	256	1.0
309	257	1.0
309	306	0.5
309	307	0.5
309	308	0.5
309	310	0.5
309	302	1.0
309	303	1.0
310	306	0.5
310	307	0.5
310	308	0.5
310	260	1.0
310	309	0.5
310	262	1.0
311	368	1.0
311	357	1.0
311	312	0.5
311	313	0.5
311	314	0.5
311	362	1.0
311	315	1.5
311	413	1.0
311	414	1.0
312	466	1.0
312	311	0.5
312	313	0.5
312	314	0.5
312	315	0.5
312	363	1.0
312	462	1.0
312	415	1.0
312	463	1.0
313	311	0.5
313	312	0.5
313	361	1.0
313	314	1.5
313	315	0.5
313	364	1.0
313	319	1.0
314	311	0.5
314	312	0.5
314	313	1.5
314	361	1.0
314	315	0.5
314	364	1.0
314	319	1.0
315	368	1.0
315	357	1.0
315	311	1.5
315	312	0.5
315	313	0.5
315	314	0.5
315	362	1.0
315	413	1.0
315	414	1.0
316	320	0.5
316	272	1.0
316	273	1.0
316	216	1.0
316	219	1.0
316	220	1.0
316	317	1.5
316	318	0.5
316	319	0.5
317	320	0.5
317	272	1.0
317	273	1.0
317	216	1.0
317	219	1.0
317	316	1.5
317	220	1.0
317	318	0.5
317	319	0.5
318	320	0.5
318	102	1.0
318	278	1.0
318	266	1.0
318	316	0.5
318	268	1.0
318	317	0.5
318	319	0.5
319	320	0.5
319	313	1.0
319	361	1.0
319	314	1.0
319	316	0.5
319	364	1.0
319	317	0.5
319	318	0.5
320	417	1.0
320	316	0.5
320	317	0.5
320	365	1.0
320	477	1.0
320	318	0.5
320	78	1.0
320	319	0.5
320	367	1.0
321	353	1.0
321	322	0.5
321	323	0.5
321	371	1.0
321	324	0.5
321	325	0.5
321	326	1.0
321	169	1.0
322	321	0.5
322	370	1.0
322	323	0.5
322	324	0.5
322	325	0.5
322	269	1.0
323	321	0.5
323	145	1.0
323	322	0.5
323	324	1.5
323	244	1.0
323	325	0.5
323	245	1.0
323	231	1.0
323	187	1.0
323	188	1.0
324	321	0.5
324	145	1.0
324	322	0.5
324	323	1.5
324	244	1.0
324	325	0.5
324	245	1.0
324	231	1.0
324	187	1.0
324	188	1.0
325	321	0.5
325	322	0.5
325	323	0.5
325	324	0.5
325	468	1.0
325	470	1.0
325	359	1.0
325	475	1.0
326	321	1.0
326	353	1.0
326	371	1.0
326	327	0.5
326	328	0.5
326	329	0.5
326	169	1.0
326	330	0.5
327	385	1.0
327	162	1.0
327	326	0.5
327	328	0.5
327	329	0.5
327	377	1.0
327	330	1.5
327	383	1.0
328	338	1.0
328	307	1.0
328	326	0.5
328	327	0.5
328	329	0.5
328	330	0.5
328	381	1.0
328	334	1.0
328	382	1.0
329	228	1.0
329	326	0.5
329	327	0.5
329	279	1.0
329	328	0.5
329	330	0.5
329	13	1.0
329	333	1.0
330	385	1.0
330	162	1.0
330	326	0.5
330	327	1.5
330	328	0.5
330	329	0.5
330	377	1.0
330	383	1.0
331	487	1.0
331	427	1.0
331	332	0.5
331	333	0.5
331	429	1.0
331	334	0.5
331	335	0.5
332	160	1.0
332	101	1.0
332	331	0.5
332	203	1.0
332	204	1.0
332	333	0.5
332	334	0.5
332	335	0.5
332	48	1.0
332	151	1.0
332	154	1.0
332	156	1.0
332	159	1.0
333	228	1.0
333	279	1.0
333	329	1.0
333	331	0.5
333	332	0.5
333	13	1.0
333	334	0.5
333	335	0.5
334	338	1.0
334	307	1.0
334	328	1.0
334	331	0.5
334	332	0.5
334	333	0.5
334	381	1.0
334	382	1.0
334	335	0.5
335	52	1.0
335	53	1.0
335	331	0.5
335	332	0.5
335	333	0.5
335	334	0.5
336	64	1.0
336	240	1.0
336	337	0.5
336	338	0.5
336	339	0.5
336	340	0.5
336	182	1.0
336	184	1.0
336	140	1.0
336	237	1.0
336	239	1.0
337	336	0.5
337	338	0.5
337	339	0.5
337	340	1.5
337	436	1.0
337	150	1.0
337	439	1.0
337	394	1.0
338	336	0.5
338	337	0.5
338	339	0.5
338	307	1.0
338	340	0.5
338	328	1.0
338	381	1.0
338	334	1.0
338	382	1.0
339	336	0.5
339	337	0.5
339	338	0.5
339	340	0.5
339	292	1.0
339	404	1.0
339	284	1.0
339	238	1.0
340	336	0.5
340	337	1.5
340	338	0.5
340	339	0.5
340	436	1.0
340	150	1.0
340	439	1.0
340	394	1.0
341	21	1.0
341	342	0.5
341	343	0.5
341	344	0.5
341	345	1.5
341	298	1.0
341	300	1.0
341	399	1.0
342	386	1.0
342	341	0.5
342	343	0.5
342	344	0.5
342	345	0.5
342	90	1.0
342	287	1.0
343	208	1.0
343	164	1.0
343	341	0.5
343	277	1.0
343	342	0.5
343	294	1.0
343	391	1.0
343	344	0.5
343	345	0.5
344	288	1.0
344	290	1.0
344	243	1.0
344	341	0.5
344	342	0.5
344	343	0.5
344	345	0.5
344	286	1.0
345	341	1.5
345	21	1.0
345	342	0.5
345	343	0.5
345	344	0.5
345	298	1.0
345	300	1.0
345	399	1.0
346	133	1.0
346	295	1.0
346	248	1.0
346	250	1.0
346	347	0.5
346	299	1.0
346	348	0.5
346	349	1.5
346	350	0.5
347	225	1.0
347	180	1.0
347	346	0.5
347	170	1.0
347	348	0.5
347	349	0.5
347	221	1.0
347	350	0.5
348	346	0.5
348	347	0.5
348	395	1.0
348	349	0.5
348	397	1.0
348	350	1.5
349	133	1.0
349	295	1.0
349	248	1.0
349	346	1.5
349	250	1.0
349	347	0.5
349	299	1.0
349	348	0.5
349	350	0.5
350	346	0.5
350	347	0.5
350	395	1.0
350	348	1.5
350	349	0.5
350	397	1.0
351	352	0.5
351	353	0.5
351	354	0.5
351	355	1.5
351	356	1.0
351	405	1.0
351	301	1.0
352	353	0.5
352	354	0.5
352	355	0.5
352	54	1.0
352	110	1.0
352	351	0.5
353	352	0.5
353	321	1.0
353	354	0.5
353	355	0.5
353	371	1.0
353	326	1.0
353	169	1.0
353	351	0.5
354	352	0.5
354	353	0.5
354	306	1.0
354	355	0.5
354	358	1.0
354	409	1.0
354	351	0.5
355	352	0.5
355	353	0.5
355	354	0.5
355	356	1.0
355	405	1.0
355	301	1.0
355	351	1.5
356	355	1.0
356	357	0.5
356	405	1.0
356	358	0.5
356	359	0.5
356	360	0.5
356	301	1.0
356	351	1.0
357	368	1.0
357	356	0.5
357	358	0.5
357	359	0.5
357	311	1.0
357	360	0.5
357	362	1.0
357	315	1.0
357	413	1.0
357	414	1.0
358	306	1.0
358	354	1.0
358	356	0.5
358	357	0.5
358	359	0.5
358	360	0.5
358	409	1.0
359	356	0.5
359	468	1.0
359	357	0.5
359	325	1.0
359	358	0.5
359	470	1.0
359	360	0.5
359	475	1.0
360	356	0.5
360	276	1.0
360	357	0.5
360	358	0.5
360	359	0.5
360	375	1.0
360	280	1.0
360	234	1.0
360	282	1.0
360	283	1.0
360	271	1.0
361	313	1.0
361	362	0.5
361	314	1.0
361	363	0.5
361	364	1.5
361	365	0.5
361	319	1.0
362	368	1.0
362	357	1.0
362	311	1.0
362	361	0.5
362	363	0.5
362	315	1.0
362	364	0.5
362	365	0.5
362	413	1.0
362	414	1.0
363	466	1.0
363	312	1.0
363	361	0.5
363	362	0.5
363	364	0.5
363	365	0.5
363	462	1.0
363	415	1.0
363	463	1.0
364	361	1.5
364	313	1.0
364	362	0.5
364	314	1.0
364	363	0.5
364	365	0.5
364	319	1.0
365	320	1.0
365	417	1.0
365	361	0.5
365	362	0.5
365	363	0.5
365	364	0.5
365	477	1.0
365	78	1.0
365	367	1.0
366	132	1.0
366	232	1.0
366	233	1.0
366	235	1.0
366	367	0.5
366	368	0.5
366	369	0.5
366	401	1.0
366	370	0.5
366	178	1.0
366	179	1.0
366	183	1.0
366	189	1.0
366	190	1.0
367	368	0.5
367	320	1.0
367	369	0.5
367	417	1.0
367	370	0.5
367	365	1.0
367	477	1.0
367	366	0.5
367	78	1.0
368	369	0.5
368	370	0.5
368	357	1.0
368	311	1.0
368	362	1.0
368	315	1.0
368	413	1.0
368	366	0.5
368	414	1.0
368	367	0.5
369	368	0.5
369	370	0.5
369	421	1.0
369	374	1.0
369	424	1.0
369	366	0.5
369	367	0.5
370	368	0.5
370	369	0.5
370	322	1.0
370	269	1.0
370	366	0.5
370	367	0.5
371	321	1.0
371	353	1.0
371	372	0.5
371	373	0.5
371	374	0.5
371	326	1.0
371	375	0.5
371	169	1.0
372	371	0.5
372	373	1.5
372	374	0.5
372	375	0.5
372	473	1.0
372	396	1.0
372	428	1.0
373	371	0.5
373	372	1.5
373	374	0.5
373	375	0.5
373	473	1.0
373	396	1.0
373	428	1.0
374	369	1.0
374	371	0.5
374	372	0.5
374	373	0.5
374	421	1.0
374	375	0.5
374	424	1.0
375	371	0.5
375	372	0.5
375	276	1.0
375	373	0.5
375	374	0.5
375	280	1.0
375	360	1.0
375	234	1.0
375	282	1.0
375	283	1.0
375	271	1.0
376	480	1.0
376	377	0.5
376	378	1.5
376	379	1.5
376	380	0.5
376	61	1.0
376	478	1.0
377	385	1.0
377	162	1.0
377	327	1.0
377	376	0.5
377	378	0.5
377	330	1.0
377	379	0.5
377	380	0.5
377	383	1.0
378	480	1.0
378	376	1.5
378	377	0.5
378	379	1.5
378	380	0.5
378	61	1.0
378	478	1.0
379	480	1.0
379	376	1.5
379	377	0.5
379	378	1.5
379	380	0.5
379	61	1.0
379	478	1.0
380	434	1.0
380	389	1.0
380	70	1.0
380	376	0.5
380	377	0.5
380	378	0.5
380	379	0.5
381	384	0.5
381	385	0.5
381	338	1.0
381	307	1.0
381	328	1.0
381	382	1.5
381	334	1.0
381	383	0.5
382	384	0.5
382	385	0.5
382	338	1.0
382	307	1.0
382	328	1.0
382	381	1.5
382	334	1.0
382	383	0.5
383	384	0.5
383	385	1.5
383	162	1.0
383	327	1.0
383	377	1.0
383	330	1.0
383	381	0.5
383	382	0.5
384	432	1.0
384	385	0.5
384	481	1.0
384	484	1.0
384	438	1.0
384	381	0.5
384	382	0.5
384	430	1.0
384	383	0.5
385	384	0.5
385	162	1.0
385	327	1.0
385	377	1.0
385	330	1.0
385	381	0.5
385	382	0.5
385	383	1.5
386	387	0.5
386	388	0.5
386	389	0.5
386	390	0.5
386	342	1.0
386	90	1.0
386	287	1.0
387	448	1.0
387	386	0.5
387	388	0.5
387	389	0.5
387	390	0.5
387	398	1.0
387	400	1.0
387	496	1.0
387	497	1.0
387	498	1.0
387	443	1.0
387	445	1.0
387	446	1.0
387	447	1.0
388	386	0.5
388	387	0.5
388	389	0.5
388	390	1.5
388	393	1.0
388	270	1.0
389	386	0.5
389	434	1.0
389	387	0.5
389	388	0.5
389	390	0.5
389	70	1.0
389	380	1.0
390	386	0.5
390	387	0.5
390	388	1.5
390	389	0.5
390	393	1.0
390	270	1.0
391	208	1.0
391	164	1.0
391	277	1.0
391	294	1.0
391	343	1.0
391	392	0.5
391	393	0.5
391	394	0.5
391	395	0.5
392	450	1.0
392	391	0.5
392	393	0.5
392	441	1.0
392	394	0.5
392	395	0.5
392	491	1.0
392	493	1.0
393	388	1.0
393	390	1.0
393	391	0.5
393	392	0.5
393	394	0.5
393	395	0.5
393	270	1.0
394	337	1.0
394	340	1.0
394	436	1.0
394	150	1.0
394	391	0.5
394	439	1.0
394	392	0.5
394	393	0.5
394	395	0.5
395	391	0.5
395	392	0.5
395	393	0.5
395	394	0.5
395	348	1.0
395	397	1.0
395	350	1.0
396	400	0.5
396	372	1.0
396	373	1.0
396	473	1.0
396	428	1.0
396	397	0.5
396	398	0.5
396	399	0.5
397	400	0.5
397	395	1.0
397	396	0.5
397	348	1.0
397	398	0.5
397	350	1.0
397	399	0.5
398	448	1.0
398	387	1.0
398	396	0.5
398	397	0.5
398	399	0.5
398	400	1.5
398	496	1.0
398	497	1.0
398	498	1.0
398	443	1.0
398	445	1.0
398	446	1.0
398	447	1.0
399	400	0.5
399	21	1.0
399	341	1.0
399	345	1.0
399	298	1.0
399	396	0.5
399	300	1.0
399	397	0.5
399	398	0.5
400	448	1.0
400	387	1.0
400	396	0.5
400	397	0.5
400	398	1.5
400	399	0.5
400	496	1.0
400	497	1.0
400	498	1.0
400	443	1.0
400	445	1.0
400	446	1.0
400	447	1.0
401	132	1.0
401	232	1.0
401	233	1.0
401	235	1.0
401	366	1.0
401	402	0.5
401	178	1.0
401	403	0.5
401	179	1.0
401	404	0.5
401	405	0.5
401	183	1.0
401	189	1.0
401	190	1.0
402	401	0.5
402	403	0.5
402	404	0.5
402	405	0.5
402	166	1.0
402	406	1.0
402	407	1.0
402	412	1.0
403	401	0.5
403	402	0.5
403	3	1.0
403	499	1.0
403	404	0.5
403	4	1.0
403	405	0.5
403	103	1.0
403	56	1.0
403	104	1.0
403	105	1.0
403	59	1.0
404	401	0.5
404	402	0.5
404	403	0.5
404	339	1.0
404	292	1.0
404	405	0.5
404	284	1.0
404	238	1.0
405	401	0.5
405	402	0.5
405	403	0.5
405	355	1.0
405	404	0.5
405	356	1.0
405	301	1.0
405	351	1.0
406	402	1.0
406	166	1.0
406	407	1.5
406	408	0.5
406	409	0.5
406	410	0.5
406	412	1.0
407	402	1.0
407	406	1.5
407	166	1.0
407	408	0.5
407	409	0.5
407	410	0.5
407	412	1.0
408	453	1.0
408	406	0.5
408	407	0.5
408	409	0.5
408	410	1.5
408	186	1.0
409	306	1.0
409	354	1.0
409	406	0.5
409	358	1.0
409	407	0.5
409	408	0.5
409	410	0.5
410	453	1.0
410	406	0.5
410	407	0.5
410	408	1.5
410	409	0.5
410	186	1.0
411	241	1.0
411	100	1.0
411	118	1.0
411	412	0.5
411	413	0.5
411	125	1.0
411	414	0.5
411	415	0.5
411	127	1.0
412	402	1.0
412	166	1.0
412	406	1.0
412	407	1.0
412	411	0.5
412	413	0.5
412	414	0.5
412	415	0.5
413	368	1.0
413	357	1.0
413	311	1.0
413	362	1.0
413	411	0.5
413	315	1.0
413	412	0.5
413	414	1.5
413	415	0.5
414	368	1.0
414	357	1.0
414	311	1.0
414	362	1.0
414	411	0.5
414	315	1.0
414	412	0.5
414	413	1.5
414	415	0.5
415	466	1.0
415	312	1.0
415	411	0.5
415	363	1.0
415	412	0.5
415	413	0.5
415	414	0.5
415	462	1.0
415	463	1.0
416	417	0.5
416	418	1.5
416	419	0.5
416	420	0.5
416	422	1.0
416	425	1.0
417	416	0.5
417	320	1.0
417	418	0.5
417	419	0.5
417	420	0.5
417	365	1.0
417	477	1.0
417	78	1.0
417	367	1.0
418	416	1.5
418	417	0.5
418	419	0.5
418	420	0.5
418	422	1.0
418	425	1.0
419	416	0.5
419	417	0.5
419	418	0.5
419	420	0.5
419	500	1.0
419	261	1.0
419	214	1.0
420	416	0.5
420	417	0.5
420	465	1.0
420	418	0.5
420	419	0.5
420	469	1.0
420	471	1.0
420	472	1.0
421	369	1.0
421	422	0.5
421	374	1.0
421	423	0.5
421	424	1.5
421	425	0.5
422	416	1.0
422	418	1.0
422	421	0.5
422	423	0.5
422	424	0.5
422	425	1.5
423	147	1.0
423	259	1.0
423	421	0.5
423	422	0.5
423	424	0.5
423	425	0.5
423	251	1.0
423	255	1.0
424	369	1.0
424	421	1.5
424	422	0.5
424	374	1.0
424	423	0.5
424	425	0.5
425	416	1.0
425	418	1.0
425	421	0.5
425	422	1.5
425	423	0.5
425	424	0.5
426	35	1.0
426	38	1.0
426	218	1.0
426	427	0.5
426	428	0.5
426	28	1.0
426	429	0.5
426	430	0.5
426	30	1.0
427	487	1.0
427	426	0.5
427	331	1.0
427	428	0.5
427	429	1.5
427	430	0.5
428	372	1.0
428	373	1.0
428	473	1.0
428	426	0.5
428	427	0.5
428	396	1.0
428	429	0.5
428	430	0.5
429	487	1.0
429	426	0.5
429	427	1.5
429	331	1.0
429	428	0.5
429	430	0.5
430	384	1.0
430	432	1.0
430	481	1.0
430	484	1.0
430	438	1.0
430	426	0.5
430	427	0.5
430	428	0.5
430	429	0.5
431	432	0.5
431	433	1.5
431	434	0.5
431	435	0.5
431	69	1.0
431	437	1.0
431	207	1.0
432	384	1.0
432	433	0.5
432	481	1.0
432	434	0.5
432	435	0.5
432	484	1.0
432	438	1.0
432	430	1.0
432	431	0.5
433	432	0.5
433	434	0.5
433	435	0.5
433	69	1.0
433	437	1.0
433	431	1.5
433	207	1.0
434	432	0.5
434	433	0.5
434	435	0.5
434	389	1.0
434	70	1.0
434	380	1.0
434	431	0.5
435	432	0.5
435	433	0.5
435	434	0.5
435	482	1.0
435	483	1.0
435	486	1.0
435	55	1.0
435	490	1.0
435	431	0.5
436	337	1.0
436	340	1.0
436	437	0.5
436	438	0.5
436	150	1.0
436	439	1.5
436	440	0.5
436	394	1.0
437	433	1.0
437	436	0.5
437	69	1.0
437	438	0.5
437	439	0.5
437	440	0.5
437	207	1.0
437	431	1.0
438	384	1.0
438	432	1.0
438	481	1.0
438	436	0.5
438	484	1.0
438	437	0.5
438	439	0.5
438	440	0.5
438	430	1.0
439	337	1.0
439	436	1.5
439	340	1.0
439	437	0.5
439	438	0.5
439	150	1.0
439	440	0.5
439	394	1.0
440	436	0.5
440	437	0.5
440	485	1.0
440	438	0.5
440	439	0.5
440	489	1.0
440	479	1.0
441	450	1.0
441	392	1.0
441	442	0.5
441	443	0.5
441	491	1.0
441	444	0.5
441	445	0.5
441	493	1.0
442	441	0.5
442	443	0.5
442	444	1.5
442	445	0.5
443	448	1.0
443	387	1.0
443	398	1.0
443	400	1.0
443	496	1.0
443	497	1.0
443	498	1.0
443	441	0.5
443	442	0.5
443	444	0.5
443	445	1.5
443	446	1.0
443	447	1.0
444	441	0.5
444	442	1.5
444	443	0.5
444	445	0.5
445	448	1.0
445	387	1.0
445	398	1.0
445	400	1.0
445	496	1.0
445	497	1.0
445	498	1.0
445	441	0.5
445	442	0.5
445	443	1.5
445	444	0.5
445	446	1.0
445	447	1.0
446	448	1.5
446	400	1.0
446	496	1.0
446	449	0.5
446	497	1.0
446	450	0.5
446	498	1.0
446	387	1.0
446	443	1.0
446	445	1.0
446	398	1.0
446	447	1.5
447	448	1.5
447	400	1.0
447	496	1.0
447	449	0.5
447	497	1.0
447	450	0.5
447	498	1.0
447	387	1.0
447	443	1.0
447	445	1.0
447	446	1.5
447	398	1.0
448	400	1.0
448	496	1.0
448	449	0.5
448	497	1.0
448	450	0.5
448	498	1.0
448	387	1.0
448	443	1.0
448	445	1.0
448	446	1.5
448	398	1.0
448	447	1.5
449	448	0.5
449	450	0.5
449	492	1.0
449	446	0.5
449	494	1.0
449	447	0.5
450	448	0.5
450	449	0.5
450	392	1.0
450	441	1.0
450	491	1.0
450	493	1.0
450	446	0.5
450	447	0.5
451	464	1.0
451	452	0.5
451	453	0.5
451	454	1.5
451	455	1.5
451	457	1.0
451	458	1.0
451	474	1.0
452	451	0.5
452	148	1.0
452	453	0.5
452	454	0.5
452	455	0.5
452	456	1.0
452	488	1.0
452	139	1.0
452	459	1.0
452	252	1.0
453	451	0.5
453	452	0.5
453	454	0.5
453	455	0.5
453	408	1.0
453	186	1.0
453	410	1.0
454	464	1.0
454	451	1.5
454	452	0.5
454	453	0.5
454	455	1.5
454	457	1.0
454	458	1.0
454	474	1.0
455	464	1.0
455	451	1.5
455	452	0.5
455	453	0.5
455	454	1.5
455	457	1.0
455	458	1.0
455	474	1.0
456	148	1.0
456	452	1.0
456	488	1.0
456	457	0.5
456	458	0.5
456	459	1.5
456	139	1.0
456	460	0.5
456	252	1.0
457	464	1.0
457	451	1.0
457	454	1.0
457	455	1.0
457	456	0.5
457	458	1.5
457	474	1.0
457	459	0.5
457	460	0.5
458	464	1.0
458	451	1.0
458	454	1.0
458	455	1.0
458	456	0.5
458	457	1.5
458	474	1.0
458	459	0.5
458	460	0.5
459	148	1.0
459	452	1.0
459	456	1.5
459	488	1.0
459	457	0.5
459	458	0.5
459	139	1.0
459	460	0.5
459	252	1.0
460	467	1.0
460	199	1.0
460	456	0.5
460	457	0.5
460	137	1.0
460	458	0.5
460	459	0.5
460	461	1.0
460	63	1.0
461	464	0.5
461	465	0.5
461	467	1.0
461	199	1.0
461	137	1.0
461	460	1.0
461	462	0.5
461	463	0.5
461	63	1.0
462	464	0.5
462	465	0.5
462	466	1.0
462	312	1.0
462	363	1.0
462	461	0.5
462	463	1.5
462	415	1.0
463	464	0.5
463	465	0.5
463	466	1.0
463	312	1.0
463	363	1.0
463	461	0.5
463	462	1.5
463	415	1.0
464	465	0.5
464	451	1.0
464	454	1.0
464	455	1.0
464	457	1.0
464	458	1.0
464	474	1.0
464	461	0.5
464	462	0.5
464	463	0.5
465	464	0.5
465	420	1.0
465	469	1.0
465	471	1.0
465	472	1.0
465	461	0.5
465	462	0.5
465	463	0.5
466	467	0.5
466	468	0.5
466	469	0.5
466	470	0.5
466	312	1.0
466	363	1.0
466	462	1.0
466	415	1.0
466	463	1.0
467	466	0.5
467	468	0.5
467	469	0.5
467	470	0.5
467	199	1.0
467	137	1.0
467	460	1.0
467	461	1.0
467	63	1.0
468	466	0.5
468	467	0.5
468	469	0.5
468	325	1.0
468	470	1.5
468	359	1.0
468	475	1.0
469	465	1.0
469	466	0.5
469	467	0.5
469	468	0.5
469	420	1.0
469	470	0.5
469	471	1.0
469	472	1.0
470	466	0.5
470	467	0.5
470	468	1.5
470	469	0.5
470	325	1.0
470	359	1.0
470	475	1.0
471	465	1.0
471	420	1.0
471	469	1.0
471	472	1.5
471	473	0.5
471	474	0.5
471	475	0.5
472	465	1.0
472	420	1.0
472	469	1.0
472	471	1.5
472	473	0.5
472	474	0.5
472	475	0.5
473	372	1.0
473	373	1.0
473	471	0.5
473	472	0.5
473	474	0.5
473	475	0.5
473	396	1.0
473	428	1.0
474	464	1.0
474	451	1.0
474	454	1.0
474	471	0.5
474	455	1.0
474	472	0.5
474	473	0.5
474	457	1.0
474	458	1.0
474	475	0.5
475	468	1.0
475	325	1.0
475	470	1.0
475	471	0.5
475	359	1.0
475	472	0.5
475	473	0.5
475	474	0.5
476	480	0.5
476	6	1.0
476	10	1.0
476	11	1.0
476	477	0.5
476	478	0.5
476	479	0.5
476	15	1.0
477	480	0.5
477	320	1.0
477	417	1.0
477	476	0.5
477	365	1.0
477	478	0.5
477	78	1.0
477	479	0.5
477	367	1.0
478	480	1.5
478	376	1.0
478	378	1.0
478	379	1.0
478	476	0.5
478	477	0.5
478	61	1.0
478	479	0.5
479	480	0.5
479	485	1.0
479	440	1.0
479	489	1.0
479	476	0.5
479	477	0.5
479	478	0.5
480	376	1.0
480	378	1.0
480	379	1.0
480	476	0.5
480	477	0.5
480	61	1.0
480	478	1.5
480	479	0.5
481	384	1.0
481	432	1.0
481	482	0.5
481	483	0.5
481	484	1.5
481	485	0.5
481	438	1.0
481	430	1.0
482	481	0.5
482	483	1.5
482	435	1.0
482	484	0.5
482	485	0.5
482	486	1.0
482	55	1.0
482	490	1.0
483	481	0.5
483	482	1.5
483	435	1.0
483	484	0.5
483	485	0.5
483	486	1.0
483	55	1.0
483	490	1.0
484	384	1.0
484	432	1.0
484	481	1.5
484	482	0.5
484	483	0.5
484	485	0.5
484	438	1.0
484	430	1.0
485	481	0.5
485	482	0.5
485	483	0.5
485	484	0.5
485	440	1.0
485	489	1.0
485	479	1.0
486	482	1.0
486	435	1.0
486	483	1.0
486	487	0.5
486	55	1.0
486	488	0.5
486	489	0.5
486	490	1.5
487	486	0.5
487	488	0.5
487	489	0.5
487	490	0.5
487	331	1.0
487	427	1.0
487	429	1.0
488	148	1.0
488	452	1.0
488	486	0.5
488	487	0.5
488	456	1.0
488	489	0.5
488	490	0.5
488	139	1.0
488	459	1.0
488	252	1.0
489	485	1.0
489	486	0.5
489	487	0.5
489	488	0.5
489	440	1.0
489	490	0.5
489	479	1.0
490	482	1.0
490	435	1.0
490	483	1.0
490	486	1.5
490	487	0.5
490	55	1.0
490	488	0.5
490	489	0.5
491	450	1.0
491	392	1.0
491	441	1.0
491	492	0.5
491	493	1.5
491	494	0.5
491	495	0.5
492	449	1.0
492	491	0.5
492	493	0.5
492	494	1.5
492	495	0.5
493	450	1.0
493	392	1.0
493	441	1.0
493	491	1.5
493	492	0.5
493	494	0.5
493	495	0.5
494	449	1.0
494	491	0.5
494	492	1.5
494	493	0.5
494	495	0.5
495	37	1.0
495	42	1.0
495	491	0.5
495	492	0.5
495	493	0.5
495	494	0.5
496	400	1.0
496	448	1.0
496	497	1.5
496	498	1.5
496	499	0.5
496	387	1.0
496	500	0.5
496	443	1.0
496	445	1.0
496	398	1.0
496	446	1.0
496	447	1.0
497	496	1.5
497	400	1.0
497	448	1.0
497	498	1.5
497	499	0.5
497	387	1.0
497	500	0.5
497	443	1.0
497	445	1.0
497	398	1.0
497	446	1.0
497	447	1.0
498	496	1.5
498	400	1.0
498	448	1.0
498	497	1.5
498	499	0.5
498	387	1.0
498	500	0.5
498	443	1.0
498	445	1.0
498	398	1.0
498	446	1.0
498	447	1.0
499	496	0.5
499	497	0.5
499	498	0.5
499	3	1.0
499	403	1.0
499	500	0.5
499	4	1.0
499	103	1.0
499	56	1.0
499	104	1.0
499	105	1.0
499	59	1.0
500	496	0.5
500	497	0.5
500	498	0.5
500	499	0.5
500	419	1.0
500	261	1.0
500	214	1.0
