1	0.8118387129571132	6.173916556455932
2	1.6717743903004632	0.7560745267610577
3	0.7710027559541129	1.0159852768803042
4	0.4936544457363383	1.4245068171015807
5	5.898855484713447	1.0178587809148325
6	2.540059990735223	0.23261092825782248
7	1.489062101291443	0.04230338215808782
8	1.8955158128964011	0.07462698986850036
9	0.07404250337595453	0.12540882541965714
10	2.9743966634022962	0.6368526491589924
11	2.8853405302423107	0.9208534988425569
12	1.185907296545766	0.30638067931905943
13	5.472850312267668	6.3408343942709555
14	1.8427361255343118	0.41681964531104454
15	2.3317242483040723	0.3729372117114469
16	3.8227470926270843	0.1800439423428163
17	3.278086121831294	0.9215579396896052
18	3.52303289904707	0.7570982443650226
19	4.115371305183232	0.46425030511008514
20	4.900006767288101	0.5118242532281604
21	9.596774126097388	6.792815652549136
22	4.863886543717947	1.0563291845540959
23	4.323411817585483	1.9201590017836316
24	4.229677018610223	0.4125010819707874
25	5.423820345052961	0.5758903316367827
26	5.893914144257249	0.3837769926696297
27	4.14045299590422	0.04167999711553738
28	6.7610436743349736	0.6783137854998887
29	5.289103453173843	1.5333782219624084
30	6.257538112386409	0.36992511623224655
31	6.785529795076657	1.163729992914096
32	6.683888017663813	1.551831930381608
33	6.717002992148667	1.4550832065922825
34	3.5032985558862197	2.0867213059964924
35	6.7728232920637454	0.1399703420854056
36	7.405138434800575	1.5938182618870778
37	7.120646713765548	0.06987174917413219
38	6.59579465982211	0.006293442279754036
39	8.130033481504418	0.3736294588766802
40	7.737699980803082	1.51680587893765
41	8.824841220649983	1.1008988875524968
42	7.219604509186906	0.3493659264717085
43	9.948988084388303	0.514700644191782
44	8.426190950761649	0.656905575975158
45	9.806581451992116	0.7937177861832597
46	8.608878088043312	0.21744655459003848
47	8.169929509849167	0.1289167934766846
48	0.7084897686814995	3.8269794286440257
49	9.261057771900546	0.5596453512424993
50	9.616323983634594	1.8642091409615529
51	0.31044303752537195	0.9029959154713592
52	0.8366024734170628	2.114300864737004
53	0.9324155687603441	2.9673898023459584
54	1.123239590863805	1.1216649504099139
55	6.612031620089326	9.428197950767924
56	0.12371710037364003	1.6528315839297685
57	1.9029629670836816	0.5027780804148267
58	1.470072717768105	0.8558679761884194
59	0.8283095653605502	1.059659656344173
60	2.1954810341880515	1.9865414799182668
61	5.62581731597323	8.952504940063484
62	3.384101150162114	1.1275999015823002
63	2.751706014205268	9.568773754988248
64	7.90842666337722	3.1274867364569134
65	3.534001479679917	1.3902156237253802
66	3.896373430574596	1.5198416068255511
67	4.291916916415171	1.5418699513702
68	3.7962467957813715	1.8336478377296634
69	7.38442251352803	8.786712829553014
70	6.442059587263935	7.468371703634578
71	5.352042776960409	1.714593614392558
72	4.208157002789626	1.9854314834001234
73	5.772127330482248	1.6013552591531734
74	4.08446417431476	1.391548164513012
75	5.982736079103712	2.7830859059817312
76	4.171982541360563	1.4838432809538005
77	5.205796417618386	1.0935921836889069
78	3.617918178272808	7.240472089755051
79	6.913663889245692	1.8986093333423806
80	5.5887856796147455	2.4481254737951335
81	5.695214829790531	1.0715014059378416
82	7.931953008200286	1.346762459452648
83	5.899629905115263	1.0004723104674351
84	6.303146920817515	1.1701431336747954
85	6.660932805727748	2.5303750475613414
86	6.764096786807071	1.007598480742896
87	6.2874126401611194	1.8585801660169672
88	7.8642566137941285	2.6655768076963104
89	8.052919160979025	1.2812437696564487
90	7.850829736742366	6.415417965267694
91	7.7327902719429495	1.0305973046640629
92	7.759053257586457	1.0155006405638436
93	9.393038427444269	1.8342659786057585
94	7.070995190437972	1.6993115055681616
95	9.28512091324874	1.1048601897394494
96	9.110392977457424	2.9464106563090255
97	9.37562245864378	2.1363255383847743
98	9.84736654045325	4.287451494753097
99	8.899974002491023	1.6470448142861212
100	4.0526368278165394	2.495099751825935
101	0.7825180616307076	3.2443013708190493
102	4.857282064912878	5.7883225362502495
103	0.021842815742073807	1.3306335586034197
104	0.21575464105887898	1.3178874639965474
105	0.6311713289571095	1.6038028337736558
106	1.547238219343304	2.6535710541838666
107	1.0131871277101296	2.2216906408003783
108	9.80054402910155	2.666729215817818
109	2.194359335921072	2.9024241479930804
110	1.9706836438146067	1.9826720301566525
111	2.9992607194471903	1.3010501110164605
112	1.1058238948252508	2.133668415499098
113	2.6113016569448564	2.0749331078710957
114	1.0646867646216536	2.8856910170283
115	3.3922363426209676	2.755075184530764
116	3.3665719898055677	1.8616784959915513
117	3.860350903941708	3.132448614531169
118	4.253824135750541	2.4101647843219083
119	2.03245007102619	2.3467496685310434
120	3.1205446828679357	1.6989369261835634
121	5.266434897894315	2.9046486985189635
122	5.694439367459421	2.4733876803767894
123	3.4002848625015893	2.258792517559945
124	4.834138633006541	1.564819138188759
125	4.231588252351662	2.4547003244498544
126	5.85365321631188	1.7766132460904318
127	4.976712564350231	2.2144998129646587
128	5.729902743173114	1.8356660625256578
129	5.733567936209485	2.916420776258909
130	6.8235743054946845	2.181745578578943
131	6.407870483907765	1.7245746444930292
132	6.816034832244964	3.6888400391525753
133	9.055210946719388	5.524826260704768
134	5.49545347999338	2.2115490868460435
135	5.718782317859119	2.7974703389911997
136	7.977818577200434	2.128396797828411
137	2.6887397377042084	9.040523869537365
138	7.7616177466232745	1.016309755643704
139	0.8184699499823376	9.89469780888397
140	7.866842365889424	3.373589324293982
141	8.923525305330443	2.8782236431928863
142	9.364106955674238	2.4609042290197225
143	8.77213980115179	1.9941904648605933
144	8.294429944424433	3.368634466023109
145	7.132963986676075	4.5787738494989325
146	9.354563401700776	2.2555773918090978
147	0.8599196292406981	5.777226773010623
148	0.08895768082838229	9.761053583237075
149	8.888838951537963	2.6772282156834075
150	7.583381581889894	7.670332564919686
151	0.3774027053815463	3.5351631969201796
152	1.785400032412797	3.016415077373278
153	0.45687133915355027	4.645767186805717
154	0.7835187367349598	3.3175708893560976
155	0.8417916282193071	4.7831199242667415
156	0.9467191593901247	3.0694128721854246
157	1.9664781059047143	4.301121505599628
158	1.8574960581818551	3.4977681501085787
159	0.10582468858267402	3.070050547754826
160	0.9820528605248193	3.695225736891245
161	0.4382844129770542	0.07517724261666803
162	5.645513585771285	7.15279568753171
163	2.3616092080166524	3.9329997663313088
164	8.216937965026986	6.556080106092528
165	2.348268003890651	4.0374055134375775
166	1.2971175482889772	8.534939415585098
167	3.629943882585577	4.374751974550261
168	3.7616648894903575	2.0889632147749198
169	4.319916316112122	6.256007109474205
170	4.982277606323806	3.0386471564035644
171	4.134032445212959	4.208370207969945
172	4.271859759102571	4.688715346149667
173	3.182942075198935	3.073936965802146
174	4.632002308254587	4.434646200866107
175	3.013608723563959	3.1125170717839636
176	5.452652053551601	4.6134235547459115
177	5.095894982583646	3.3842321002127895
178	6.002629054554994	3.8405925301674073
179	6.7690582766806555	3.298556012532625
180	4.541822182619954	3.0506613563443024
181	5.161597058180083	3.0519785775351633
182	7.0281118795373265	3.4681273057388693
183	6.795703613542764	3.2747806568253157
184	7.625254941629706	3.3253124235569747
185	6.683028858225495	2.394614629975413
186	0.9499884749966809	8.81816991061768
187	7.916737484410569	4.450589063741446
188	7.523527012050253	4.831655539938435
189	6.794004649314795	3.6737059711570357
190	6.824334692898948	3.1949250665645152
191	8.884068468180136	2.946033603201259
192	9.80354033920272	3.84736207009744
193	9.622188323796475	3.1894637968163817
194	8.46490379074018	4.227913249272809
195	8.491411339568819	4.630839450126818
196	9.665443485601592	2.0556704350973907
197	9.609496784331082	3.6298612393914573
198	9.70228836425078	3.833489795352076
199	2.0507817134182136	9.121440621069981
200	8.673330447749798	3.989251729896657
201	0.36760754532030493	4.109131257791321
202	2.433649575025657	3.65465416695084
203	0.05350777282962882	3.195721331852532
204	0.25719756452094955	3.8875759701159165
205	0.29239869464068036	4.057599572979497
206	0.71911891123857	4.823199475434796
207	7.730400682251539	8.929229557503689
208	8.43480760736153	6.830744776596706
209	1.8084481454590193	3.805099765484498
210	2.3524830715913576	4.069414129379231
211	2.706784647815566	3.141023270405139
212	3.953951036841439	4.063118940925365
213	2.6813726035547174	4.172996887967565
214	2.7766512633425737	5.3823456518476664
215	1.5689386149131475	4.855686075419516
216	3.486004978693387	5.8870686612509395
217	2.3375056889595376	4.824355816844309
218	6.0731713070153575	0.7800669808749137
219	3.315049896488522	5.310161253366846
220	3.828411498195808	5.827495277007385
221	4.512668428281409	3.30016234476293
222	5.902582177275077	4.751689320809963
223	5.120802818657026	4.8211054353418294
224	7.46966995171428	2.348036029356553
225	4.569817377568594	3.863329362981829
226	5.312149409903159	4.871654379657455
227	6.334766529547877	4.763856736464758
228	5.697967599959497	6.9379697053537726
229	4.908706840375512	4.424849083490868
230	5.82480937858718	4.707831710968542
231	7.961091976593783	4.370113065142662
232	6.577011579117541	3.706351731157855
233	6.257008033854601	3.494208873319629
234	6.58687894128997	5.720764229757057
235	6.708857874175996	3.8573748965747194
236	6.186313357330131	4.463490318911858
237	7.140586929308689	3.143057712103982
238	7.937304060979109	5.201714359962733
239	7.650731194494243	3.57267768530188
240	7.33109746551444	3.9786879589308555
241	4.892104764102311	2.520327493178259
242	8.429023572031394	3.996309016502199
243	8.0028684938927	5.992470776491996
244	7.512458928347159	4.073241692759929
245	7.1062030412857995	4.509828427975915
246	9.178762313197346	3.9243889595463175
247	8.015206183120105	4.554346237917404
248	9.839783831692001	5.884806131232182
249	9.491287741469037	4.815230934796584
250	9.16034845364147	5.358350681515026
251	0.5348739972384042	5.2995644165697975
252	0.05786183079821117	9.64632648661382
253	0.16725082759837206	6.894566972000413
254	0.6831162879709217	4.309452120580416
255	0.42334123804104107	5.27321034476253
256	1.6936546388925207	6.981665233201941
257	1.2609974167274793	6.712734331776731
258	1.1901696901757752	4.173550538537263
259	0.009688954845919362	5.288705262698794
260	1.596394116744516	5.222816877000229
261	2.136737045612695	5.9777140243914655
262	1.0368823003633674	5.3125133289934094
263	2.3907458303890303	4.6741113615527965
264	2.958941944751176	4.136916524855773
265	2.5613569507974567	4.143773308868929
266	4.019419883279027	5.269372418939951
267	3.1879868342880466	4.861060630794852
268	4.651091452333294	5.5325272033939275
269	3.000796100010768	6.449153184272877
270	8.254937178268705	7.946311458592883
271	6.766560928133443	5.649921429616764
272	3.1270602405924275	5.440547873052983
273	3.488091031856915	5.74642190062651
274	4.2783009056480665	4.665373475254298
275	4.132449810398173	4.8932067920103375
276	6.165648098674673	5.720807957701279
277	8.197880996381594	6.619096905250523
278	4.052225875508928	5.3206770041104745
279	5.8403850132379125	6.433139273693342
280	6.261602957795279	5.875025434278549
281	5.161716764558513	5.579899409930449
282	6.155581446373105	5.832226111933115
283	6.043407659311678	5.596369710689958
284	7.863328170843266	5.9260036332861
285	6.850842096505372	4.984716432051313
286	8.131332540022003	5.872050351622958
287	7.151372213629819	6.521249396817369
288	8.134634946219172	5.240309339631574
289	7.416382552874284	1.6230110905117305
290	8.62622375601332	5.8683279515134235
291	8.386705287012463	4.3229031046051265
292	7.581788305293027	5.652311436446186
293	8.598924548424067	4.243645089130689
294	8.157671520447307	6.817717502763101
295	9.798659072080909	5.5875527487517065
296	9.26805216386758	4.963756615688249
297	9.914630690274747	4.8473942445952725
298	9.888770303936422	6.644435014501281
299	9.516000294685217	5.7327189998517305
300	9.366082092994711	6.0520404523476685
301	0.6874528423319789	7.166725286787998
302	1.9068434124399734	6.6336042868318135
303	1.071945450694888	6.438295752200532
304	0.3454011890040759	6.016424712295395
305	0.05365823385370616	6.874802454642471
306	1.7296984504167106	7.207491120589718
307	6.365263152274114	6.894491628752798
308	0.8847476890139914	6.084091219272864
309	1.0216829655010855	6.574251946164794
310	1.2245738000115756	5.1939625969893415
311	2.102710443819239	7.431612944174049
312	2.630643840976238	8.659091757516965
313	2.961512534225963	6.372563209022159
314	2.0898195000642805	6.808849846471791
315	2.449297500451774	7.865121765880798
316	3.980335966735227	5.758512992530035
317	3.6724838093400014	5.234802837095203
318	4.9682849170810774	5.960231652402545
319	2.1785122461361643	6.998497307477327
320	3.744145239578886	7.552375507757317
321	4.117602974993662	6.656951978638871
322	3.998654850057581	6.29601852168077
323	7.059027338470927	4.978260420814491
324	7.362531796136396	4.8387343101000315
325	4.762318894059188	9.750542773808304
326	4.109270691585197	6.643257297896932
327	5.763275892208592	7.2312773273904165
328	6.789909011920202	6.13238760510492
329	5.448084714944963	6.729490656791178
330	5.261733983939771	7.485735576780665
331	5.8855726049976855	9.342221092198157
332	0.6948649448239727	3.088568040656255
333	5.3717220969588775	6.714208975830752
334	6.386332560841984	6.286406284623791
335	0.32225091563101205	2.4487676693334697
336	7.532709464695314	3.751245265796231
337	7.6349293878478734	7.880525906632557
338	6.559422318775837	6.544739147503874
339	7.822498125543074	5.959234424582704
340	7.399125984074386	7.172928568917453
341	9.536530171816	6.867541867870155
342	7.316125442785294	6.288453275920605
343	8.749145286006014	6.359392757681972
344	8.914713951691674	5.3547623400584605
345	9.777358422433402	6.872917801666354
346	9.265697766074872	5.8423619908980475
347	4.8828629719232195	3.419760843303431
348	9.101003593856818	7.99588748924203
349	9.230866050933983	5.2989712604899
350	9.707740467130627	7.477154936920698
351	0.7115947942358585	7.376320939093796
352	1.3677088603691738	1.5948806182721442
353	4.943188419418984	6.90519373685542
354	1.130704127852401	7.033436173209163
355	0.4813666913887127	7.508153060718515
356	0.06750869749016952	7.395835611760561
357	2.521200113357666	7.153770516153977
358	1.19080360442278	7.952282328845264
359	4.808640755187112	9.744274088256452
360	6.568893622216386	5.421749596401091
361	2.2217178551084915	6.203027516680876
362	2.315706289616908	7.110555016738903
363	2.130162439050019	8.38350425296911
364	2.569605226611799	6.877505268093364
365	3.2538639827832623	7.785501661602041
366	6.281000223886921	3.931831747610046
367	3.2032671716999217	7.439998100572827
368	2.9252341848106385	7.640386824306446
369	4.673851501624675	7.5454127213206394
370	3.2557265285199146	6.3709996222799194
371	4.252739839286928	6.190117832053331
372	4.849438695091054	8.680099135124403
373	4.652384251304555	8.901139779132754
374	4.095660251173939	7.1846099280386
375	6.376703725031495	5.125325690437084
376	5.653547524746202	8.686241015005983
377	5.514443507404594	7.041331592408214
378	5.699833943820899	8.522358163962885
379	5.843980350841366	8.672786467857906
380	6.423229885535321	7.645074035724609
381	6.949517622956515	6.97319086367096
382	6.803194647398469	6.880426466190599
383	5.549265457625368	7.005711127989583
384	6.320329488468353	8.563791943621922
385	5.563720718306239	7.148523345799838
386	7.680173546050936	6.510129756869321
387	9.721237563371734	8.991628785390695
388	8.484727823072022	7.050823218667773
389	6.759319473647745	7.74794238279208
390	8.402823499954797	7.510873335655819
391	8.62515895783575	6.88301069841744
392	8.261081090697408	8.446532701514478
393	8.65887693025712	7.201170705810237
394	7.645390088480911	7.42354784141204
395	9.540304390909158	7.197084165923204
396	4.753795357083883	8.587671974733126
397	9.924600655879456	7.0820853178905105
398	9.736697275106245	8.595286317294503
399	9.457665886198187	6.27857427860053
400	9.133977858334125	8.535085721527594
401	6.620461458326813	3.6466193991383813
402	1.9220404812042577	8.039898625928066
403	0.4318924383860626	1.6243931867068415
404	7.65344546203487	5.766576233699567
405	0.40284094052296826	7.206651548930049
406	1.2824293860385407	8.66200236636159
407	1.0796208359254207	8.807586284847789
408	0.5848243739419396	8.325323057193028
409	1.6942732231194557	7.281272889590074
410	0.37627553052835283	8.10563153979096
411	4.65889684774677	2.453981564873075
412	1.087496265704888	8.613667511550348
413	2.2076577605643912	7.045097340429515
414	2.740440576485754	7.364331747576403
415	2.420734735027001	8.817693441938843
416	3.092943657226362	8.557958359156482
417	3.15902621798523	7.056070193217698
418	3.376346805318005	8.877847815679017
419	2.825485120894472	5.652349834815858
420	3.8098487804380454	9.441551813480816
421	4.838717610228975	7.345516205201057
422	3.937755328852523	8.594592105015586
423	0.44792821607382927	5.451056171139279
424	4.259203385167088	7.865751082519118
425	3.270904097585642	8.976451286165556
426	6.325168649289658	0.6209461215074611
427	5.523597143818458	9.152544752046609
428	4.769077861154429	8.192189018641047
429	5.9808542178963755	9.092096338186378
430	6.281740087272896	8.658392103530542
431	7.729950481418175	8.543693582152324
432	6.002200923728164	8.788269082954747
433	7.989758340500286	8.636360128613582
434	6.279709670395747	7.265887378396931
435	6.571438556031707	9.535269019444897
436	7.6549989716545745	7.380099139775887
437	7.8188673639188	8.421281386789612
438	6.373365791143851	8.354954203650927
439	7.669058517313417	7.163337352524367
440	7.235121535295857	9.043351190916198
441	8.712105619157759	8.13579281896873
442	8.624055924798409	9.512163533605381
443	9.478372858632465	8.21292137254989
444	8.953800775942868	9.439447894325022
445	9.644493703976323	8.699940022291905
446	9.503041260087443	8.67193358139169
447	9.516927388817807	8.389053126787562
448	9.099813231550067	8.859339343775995
449	9.936420094263722	9.95572264714647
450	8.160341314119822	8.010399588794764
451	1.0783326803246611	9.112524291017229
452	0.9028026567665043	9.470990045312076
453	0.2448289678439851	8.844743625459
454	1.0933818434481626	9.383832163258727
455	1.2392738268484962	9.977841254574628
456	0.2865852660384556	9.350009907424427
457	1.778125671242683	9.047306384204155
458	1.8056018189294405	9.760393487342053
459	0.17839236111602852	9.463705755552297
460	2.2550340820002637	9.933071389257956
461	2.1506466440714336	9.329064575888822
462	2.988099619637099	8.2266113498297
463	2.318416838502871	8.64397614838861
464	1.9078265153640235	9.686269003669487
465	3.4602938713770834	9.847036595884182
466	2.7243254427996053	8.211949872702913
467	2.002413471301132	9.336685440354916
468	4.626213950327511	9.111936437006191
469	3.38799870061149	9.134252893302696
470	4.762772109322348	9.695347378608096
471	3.949895307975885	9.574185807017694
472	3.323435332564718	9.478082111580004
473	4.731955699523137	8.403215264091683
474	1.8629821559298487	9.857707476044972
475	4.4025178430004495	9.01570936651378
476	2.2215716832707932	0.40779664951911676
477	3.6186532222899297	7.161629370320204
478	5.405226933820671	8.48566615461583
479	7.500863517290412	9.598787528128398
480	5.507504047758334	8.428943576610298
481	6.466187036320431	8.183785749290317
482	6.185666517776803	9.960588219606295
483	6.772459424364758	9.187401771671414
484	6.571651122899	8.683553009685063
485	7.817278520048886	9.688406392496914
486	6.4053253366737435	9.733771113021023
487	5.479986285014238	9.2449252456287
488	0.34509943803386134	9.731335408018323
489	7.663800720605591	9.09702284542287
490	6.082732219425101	9.639128677662779
491	8.779470475958139	8.337058796672977
492	9.362026182845549	9.151169198523192
493	8.067896865543345	8.231588771674453
494	9.75861669404099	9.608243358361332
495	7.3256701543461435	0.04149339069445945
496	9.093788430044556	8.917365090275592
497	9.74418604254066	8.875262043219823
498	9.154795378201499	8.274649797864779
499	0.04594240991203913	1.7389253775228775
500	2.5762744721511512	5.812004748299093
