1	2	0.5
1	3	0.5
1	4	0.5
1	5	0.5
1	37	1.0
1	315	1.0
1	377	1.0
2	1	0.5
2	3	0.5
2	4	0.5
2	5	0.5
2	49	1.0
2	101	1.0
2	194	1.0
2	231	1.0
2	435	1.0
2	439	1.0
3	1	0.5
3	2	0.5
3	4	0.5
3	5	0.5
3	96	1.0
3	228	1.0
3	274	1.0
3	290	1.0
3	434	1.0
4	1	0.5
4	2	0.5
4	3	0.5
4	5	0.5
4	55	1.0
4	201	1.0
4	263	1.0
4	340	1.0
4	396	1.0
4	468	1.0
5	1	0.5
5	2	0.5
5	3	0.5
5	4	0.5
5	124	1.0
6	7	0.5
6	8	0.5
6	9	0.5
6	10	0.5
6	180	1.0
6	288	1.0
6	307	1.0
6	344	1.0
6	390	1.0
6	450	1.0
7	6	0.5
7	8	0.5
7	9	0.5
7	10	0.5
7	163	1.0
7	321	1.0
7	331	1.0
7	475	1.0
8	6	0.5
8	7	0.5
8	9	0.5
8	10	0.5
8	59	1.0
8	86	1.0
8	391	1.0
8	399	1.0
8	415	1.0
9	6	0.5
9	7	0.5
9	8	0.5
9	10	0.5
9	27	1.0
9	136	1.0
9	385	1.0
9	452	1.0
10	6	0.5
10	7	0.5
10	8	0.5
10	9	0.5
11	12	0.5
11	13	0.5
11	14	0.5
11	15	0.5
11	23	1.0
11	207	1.0
11	299	1.0
11	397	1.0
11	469	1.0
11	470	1.0
12	11	0.5
12	13	0.5
12	14	0.5
12	15	0.5
12	17	1.0
12	22	1.0
12	63	1.0
12	82	1.0
12	110	1.0
12	236	1.0
12	317	1.0
12	320	1.0
12	425	1.0
12	477	1.0
13	11	0.5
13	12	0.5
13	14	0.5
13	15	0.5
13	32	1.0
13	213	1.0
13	480	1.0
13	500	1.0
14	11	0.5
14	12	0.5
14	13	0.5
14	15	0.5
14	179	1.0
14	183	1.0
14	245	1.0
14	292	1.0
14	345	1.0
14	373	1.0
15	11	0.5
15	12	0.5
15	13	0.5
15	14	0.5
15	69	1.0
15	104	1.0
15	199	1.0
15	232	1.0
15	350	1.0
15	442	1.0
16	17	0.5
16	18	0.5
16	19	0.5
16	20	0.5
16	30	1.0
16	73	1.0
16	74	1.0
16	133	1.0
16	155	1.0
16	238	1.0
16	248	1.0
17	16	0.5
17	18	0.5
17	19	0.5
17	20	0.5
17	12	1.0
17	22	1.0
17	63	1.0
17	82	1.0
17	110	1.0
17	236	1.0
17	317	1.0
17	320	1.0
17	425	1.0
17	477	1.0
18	16	0.5
18	17	0.5
18	19	0.5
18	20	0.5
18	150	1.0
18	302	1.0
18	327	1.0
18	366	1.0
19	16	0.5
19	17	0.5
19	18	0.5
19	20	0.5
19	65	1.0
19	121	1.0
19	226	1.0
19	410	1.0
20	16	0.5
20	17	0.5
20	18	0.5
20	19	0.5
20	91	1.0
20	305	1.0
20	330	1.0
20	343	1.0
20	365	1.0
21	22	0.5
21	23	0.5
21	24	0.5
21	25	0.5
21	56	1.0
21	168	1.0
21	173	1.0
21	193	1.0
21	237	1.0
21	312	1.0
21	457	1.0
22	21	0.5
22	23	0.5
22	24	0.5
22	25	0.5
22	12	1.0
22	17	1.0
22	63	1.0
22	82	1.0
22	110	1.0
22	236	1.0
22	317	1.0
22	320	1.0
22	425	1.0
22	477	1.0
23	21	0.5
23	22	0.5
23	24	0.5
23	25	0.5
23	11	1.0
23	207	1.0
23	299	1.0
23	397	1.0
23	469	1.0
23	470	1.0
24	21	0.5
24	22	0.5
24	23	0.5
24	25	0.5
24	177	1.0
24	351	1.0
24	428	1.0
24	486	1.0
25	21	0.5
25	22	0.5
25	23	0.5
25	24	0.5
25	81	1.0
25	131	1.0
25	196	1.0
25	269	1.0
25	453	1.0
26	27	0.5
26	28	0.5
26	29	0.5
26	30	0.5
26	135	1.0
26	368	1.0
26	461	1.0
26	488	1.0
27	26	0.5
27	28	0.5
27	29	0.5
27	30	0.5
27	9	1.0
27	136	1.0
27	385	1.0
27	452	1.0
28	26	0.5
28	27	0.5
28	29	0.5
28	30	0.5
28	71	1.0
28	76	1.0
28	85	1.0
28	284	1.0
28	445	1.0
29	26	0.5
29	27	0.5
29	28	0.5
29	30	0.5
29	222	1.0
29	300	1.0
29	349	1.0
30	26	0.5
30	27	0.5
30	28	0.5
30	29	0.5
30	16	1.0
30	73	1.0
30	74	1.0
30	133	1.0
30	155	1.0
30	238	1.0
30	248	1.0
31	32	0.5
31	33	0.5
31	34	0.5
31	35	0.5
31	202	1.0
31	346	1.0
32	31	0.5
32	33	0.5
32	34	0.5
32	35	0.5
32	13	1.0
32	213	1.0
32	480	1.0
32	500	1.0
33	31	0.5
33	32	0.5
33	34	0.5
33	35	0.5
33	190	1.0
33	214	1.0
33	335	1.0
33	381	1.0
33	481	1.0
34	31	0.5
34	32	0.5
34	33	0.5
34	35	0.5
34	57	1.0
34	192	1.0
34	225	1.0
34	304	1.0
34	313	1.0
34	336	1.0
35	31	0.5
35	32	0.5
35	33	0.5
35	34	0.5
35	38	1.0
35	77	1.0
35	89	1.0
35	115	1.0
35	354	1.0
35	387	1.0
35	402	1.0
36	37	0.5
36	38	0.5
36	39	0.5
36	40	0.5
36	208	1.0
36	276	1.0
36	295	1.0
36	449	1.0
36	485	1.0
37	36	0.5
37	38	0.5
37	39	0.5
37	40	0.5
37	1	1.0
37	315	1.0
37	377	1.0
38	36	0.5
38	37	0.5
38	39	0.5
38	40	0.5
38	35	1.0
38	77	1.0
38	89	1.0
38	115	1.0
38	354	1.0
38	387	1.0
38	402	1.0
39	36	0.5
39	37	0.5
39	38	0.5
39	40	0.5
39	268	1.0
39	363	1.0
40	36	0.5
40	37	0.5
40	38	0.5
40	39	0.5
40	147	1.0
40	187	1.0
40	348	1.0
40	369	1.0
40	456	1.0
40	499	1.0
41	42	0.5
41	43	0.5
41	44	0.5
41	45	0.5
41	53	1.0
41	105	1.0
41	144	1.0
41	157	1.0
41	227	1.0
41	476	1.0
41	491	1.0
42	41	0.5
42	43	0.5
42	44	0.5
42	45	0.5
42	212	1.0
42	319	1.0
42	338	1.0
42	427	1.0
43	41	0.5
43	42	0.5
43	44	0.5
43	45	0.5
43	46	1.0
43	403	1.0
43	455	1.0
44	41	0.5
44	42	0.5
44	43	0.5
44	45	0.5
44	218	1.0
44	316	1.0
44	353	1.0
44	394	1.0
45	41	0.5
45	42	0.5
45	43	0.5
45	44	0.5
45	197	1.0
45	204	1.0
45	210	1.0
45	235	1.0
45	360	1.0
46	47	0.5
46	48	0.5
46	49	0.5
46	50	0.5
46	43	1.0
46	403	1.0
46	455	1.0
47	46	0.5
47	48	0.5
47	49	0.5
47	50	0.5
47	68	1.0
47	75	1.0
47	162	1.0
47	171	1.0
47	259	1.0
47	414	1.0
48	46	0.5
48	47	0.5
48	49	0.5
48	50	0.5
48	112	1.0
48	220	1.0
48	326	1.0
49	46	0.5
49	47	0.5
49	48	0.5
49	50	0.5
49	2	1.0
49	101	1.0
49	194	1.0
49	231	1.0
49	435	1.0
49	439	1.0
50	46	0.5
50	47	0.5
50	48	0.5
50	49	0.5
50	458	1.0
51	52	0.5
51	53	0.5
51	54	0.5
51	55	0.5
51	103	1.0
51	255	1.0
51	420	1.0
52	51	0.5
52	53	0.5
52	54	0.5
52	55	0.5
52	164	1.0
52	169	1.0
52	413	1.0
53	51	0.5
53	52	0.5
53	54	0.5
53	55	0.5
53	41	1.0
53	105	1.0
53	144	1.0
53	157	1.0
53	227	1.0
53	476	1.0
53	491	1.0
54	51	0.5
54	52	0.5
54	53	0.5
54	55	0.5
54	188	1.0
54	191	1.0
54	254	1.0
54	283	1.0
54	314	1.0
54	406	1.0
54	484	1.0
55	51	0.5
55	52	0.5
55	53	0.5
55	54	0.5
55	4	1.0
55	201	1.0
55	263	1.0
55	340	1.0
55	396	1.0
55	468	1.0
56	57	0.5
56	58	0.5
56	59	0.5
56	60	0.5
56	21	1.0
56	168	1.0
56	173	1.0
56	193	1.0
56	237	1.0
56	312	1.0
56	457	1.0
57	56	0.5
57	58	0.5
57	59	0.5
57	60	0.5
57	34	1.0
57	192	1.0
57	225	1.0
57	304	1.0
57	313	1.0
57	336	1.0
58	56	0.5
58	57	0.5
58	59	0.5
58	60	0.5
58	67	1.0
58	229	1.0
58	359	1.0
58	375	1.0
58	464	1.0
59	56	0.5
59	57	0.5
59	58	0.5
59	60	0.5
59	8	1.0
59	86	1.0
59	391	1.0
59	399	1.0
59	415	1.0
60	56	0.5
60	57	0.5
60	58	0.5
60	59	0.5
60	79	1.0
60	152	1.0
60	280	1.0
60	306	1.0
60	372	1.0
61	62	0.5
61	63	0.5
61	64	0.5
61	65	0.5
61	99	1.0
61	134	1.0
61	165	1.0
61	172	1.0
61	219	1.0
61	258	1.0
61	270	1.0
62	61	0.5
62	63	0.5
62	64	0.5
62	65	0.5
62	128	1.0
62	186	1.0
62	260	1.0
62	293	1.0
62	466	1.0
62	471	1.0
63	61	0.5
63	62	0.5
63	64	0.5
63	65	0.5
63	12	1.0
63	17	1.0
63	22	1.0
63	82	1.0
63	110	1.0
63	236	1.0
63	317	1.0
63	320	1.0
63	425	1.0
63	477	1.0
64	61	0.5
64	62	0.5
64	63	0.5
64	65	0.5
64	83	1.0
64	122	1.0
64	356	1.0
64	487	1.0
64	494	1.0
65	61	0.5
65	62	0.5
65	63	0.5
65	64	0.5
65	19	1.0
65	121	1.0
65	226	1.0
65	410	1.0
66	67	0.5
66	68	0.5
66	69	0.5
66	70	0.5
66	233	1.0
66	444	1.0
67	66	0.5
67	68	0.5
67	69	0.5
67	70	0.5
67	58	1.0
67	229	1.0
67	359	1.0
67	375	1.0
67	464	1.0
68	66	0.5
68	67	0.5
68	69	0.5
68	70	0.5
68	47	1.0
68	75	1.0
68	162	1.0
68	171	1.0
68	259	1.0
68	414	1.0
69	66	0.5
69	67	0.5
69	68	0.5
69	70	0.5
69	15	1.0
69	104	1.0
69	199	1.0
69	232	1.0
69	350	1.0
69	442	1.0
70	66	0.5
70	67	0.5
70	68	0.5
70	69	0.5
70	140	1.0
70	167	1.0
70	176	1.0
70	195	1.0
70	285	1.0
70	337	1.0
71	72	0.5
71	73	0.5
71	74	0.5
71	75	0.5
71	28	1.0
71	76	1.0
71	85	1.0
71	284	1.0
71	445	1.0
72	71	0.5
72	73	0.5
72	74	0.5
72	75	0.5
72	217	1.0
72	224	1.0
72	271	1.0
72	395	1.0
72	421	1.0
72	436	1.0
73	71	0.5
73	72	0.5
73	74	1.5
73	75	0.5
73	16	1.0
73	30	1.0
73	133	1.0
73	155	1.0
73	238	1.0
73	248	1.0
74	71	0.5
74	72	0.5
74	73	1.5
74	75	0.5
74	16	1.0
74	30	1.0
74	133	1.0
74	155	1.0
74	238	1.0
74	248	1.0
75	71	0.5
75	72	0.5
75	73	0.5
75	74	0.5
75	47	1.0
75	68	1.0
75	162	1.0
75	171	1.0
75	259	1.0
75	414	1.0
76	77	0.5
76	78	0.5
76	79	0.5
76	80	0.5
76	28	1.0
76	71	1.0
76	85	1.0
76	284	1.0
76	445	1.0
77	76	0.5
77	78	0.5
77	79	0.5
77	80	0.5
77	35	1.0
77	38	1.0
77	89	1.0
77	115	1.0
77	354	1.0
77	387	1.0
77	402	1.0
78	76	0.5
78	77	0.5
78	79	0.5
78	80	0.5
78	94	1.0
78	151	1.0
78	416	1.0
78	462	1.0
79	76	0.5
79	77	0.5
79	78	0.5
79	80	0.5
79	60	1.0
79	152	1.0
79	280	1.0
79	306	1.0
79	372	1.0
80	76	0.5
80	77	0.5
80	78	0.5
80	79	0.5
80	247	1.0
80	261	1.0
80	298	1.0
80	386	1.0
80	424	1.0
80	454	1.0
81	82	0.5
81	83	0.5
81	84	0.5
81	85	0.5
81	25	1.0
81	131	1.0
81	196	1.0
81	269	1.0
81	453	1.0
82	81	0.5
82	83	0.5
82	84	0.5
82	85	0.5
82	12	1.0
82	17	1.0
82	22	1.0
82	63	1.0
82	110	1.0
82	236	1.0
82	317	1.0
82	320	1.0
82	425	1.0
82	477	1.0
83	81	0.5
83	82	0.5
83	84	0.5
83	85	0.5
83	64	1.0
83	122	1.0
83	356	1.0
83	487	1.0
83	494	1.0
84	81	0.5
84	82	0.5
84	83	0.5
84	85	0.5
84	123	1.0
84	154	1.0
84	311	1.0
84	322	1.0
84	418	1.0
84	482	1.0
85	81	0.5
85	82	0.5
85	83	0.5
85	84	0.5
85	28	1.0
85	71	1.0
85	76	1.0
85	284	1.0
85	445	1.0
86	87	0.5
86	88	0.5
86	89	0.5
86	90	0.5
86	8	1.0
86	59	1.0
86	391	1.0
86	399	1.0
86	415	1.0
87	86	0.5
87	88	0.5
87	89	0.5
87	90	0.5
87	92	1.0
87	215	1.0
87	221	1.0
87	374	1.0
87	498	1.0
88	86	0.5
88	87	0.5
88	89	0.5
88	90	0.5
88	178	1.0
88	246	1.0
88	257	1.0
88	380	1.0
88	433	1.0
88	448	1.0
89	86	0.5
89	87	0.5
89	88	0.5
89	90	0.5
89	35	1.0
89	38	1.0
89	77	1.0
89	115	1.0
89	354	1.0
89	387	1.0
89	402	1.0
90	86	0.5
90	87	0.5
90	88	0.5
90	89	0.5
90	95	1.0
90	97	1.0
90	126	1.0
90	209	1.0
90	376	1.0
90	411	1.0
90	473	1.0
91	92	0.5
91	93	0.5
91	94	0.5
91	95	0.5
91	20	1.0
91	305	1.0
91	330	1.0
91	343	1.0
91	365	1.0
92	91	0.5
92	93	0.5
92	94	0.5
92	95	0.5
92	87	1.0
92	215	1.0
92	221	1.0
92	374	1.0
92	498	1.0
93	91	0.5
93	92	0.5
93	94	0.5
93	95	0.5
93	166	1.0
93	277	1.0
93	328	1.0
93	463	1.0
94	91	0.5
94	92	0.5
94	93	0.5
94	95	0.5
94	78	1.0
94	151	1.0
94	416	1.0
94	462	1.0
95	91	0.5
95	92	0.5
95	93	0.5
95	94	0.5
95	90	1.0
95	97	1.0
95	126	1.0
95	209	1.0
95	376	1.0
95	411	1.0
95	473	1.0
96	97	0.5
96	98	0.5
96	99	0.5
96	100	0.5
96	3	1.0
96	228	1.0
96	274	1.0
96	290	1.0
96	434	1.0
97	96	0.5
97	98	0.5
97	99	0.5
97	100	0.5
97	90	1.0
97	95	1.0
97	126	1.0
97	209	1.0
97	376	1.0
97	411	1.0
97	473	1.0
98	96	0.5
98	97	0.5
98	99	0.5
98	100	0.5
98	114	1.0
98	256	1.0
98	432	1.0
99	96	0.5
99	97	0.5
99	98	0.5
99	100	0.5
99	61	1.0
99	134	1.0
99	165	1.0
99	172	1.0
99	219	1.0
99	258	1.0
99	270	1.0
100	96	0.5
100	97	0.5
100	98	0.5
100	99	0.5
100	132	1.0
100	146	1.0
100	174	1.0
100	230	1.0
100	279	1.0
100	465	1.0
100	497	1.0
101	102	0.5
101	103	0.5
101	104	0.5
101	105	0.5
101	2	1.0
101	49	1.0
101	194	1.0
101	231	1.0
101	435	1.0
101	439	1.0
102	101	0.5
102	103	0.5
102	104	0.5
102	105	0.5
102	129	1.0
102	145	1.0
102	211	1.0
102	252	1.0
102	309	1.0
102	496	1.0
103	101	0.5
103	102	0.5
103	104	0.5
103	105	0.5
103	51	1.0
103	255	1.0
103	420	1.0
104	101	0.5
104	102	0.5
104	103	0.5
104	105	0.5
104	15	1.0
104	69	1.0
104	199	1.0
104	232	1.0
104	350	1.0
104	442	1.0
105	101	0.5
105	102	0.5
105	103	0.5
105	104	0.5
105	41	1.0
105	53	1.0
105	144	1.0
105	157	1.0
105	227	1.0
105	476	1.0
105	491	1.0
106	107	0.5
106	108	0.5
106	109	0.5
106	110	0.5
106	430	1.0
107	106	0.5
107	108	0.5
107	109	0.5
107	110	0.5
107	239	1.0
107	243	1.0
107	438	1.0
107	441	1.0
108	106	0.5
108	107	0.5
108	109	0.5
108	110	0.5
108	139	1.0
108	281	1.0
108	297	1.0
108	489	1.0
109	106	0.5
109	107	0.5
109	108	0.5
109	110	0.5
109	118	1.0
109	206	1.0
109	216	1.0
109	382	1.0
109	459	1.0
110	106	0.5
110	107	0.5
110	108	0.5
110	109	0.5
110	12	1.0
110	17	1.0
110	22	1.0
110	63	1.0
110	82	1.0
110	236	1.0
110	317	1.0
110	320	1.0
110	425	1.0
110	477	1.0
111	112	0.5
111	113	0.5
111	114	0.5
111	115	0.5
111	324	1.0
111	361	1.0
111	437	1.0
112	111	0.5
112	113	0.5
112	114	0.5
112	115	0.5
112	48	1.0
112	220	1.0
112	326	1.0
113	111	0.5
113	112	0.5
113	114	0.5
113	115	0.5
113	117	1.0
113	267	1.0
113	364	1.0
114	111	0.5
114	112	0.5
114	113	0.5
114	115	0.5
114	98	1.0
114	256	1.0
114	432	1.0
115	111	0.5
115	112	0.5
115	113	0.5
115	114	0.5
115	35	1.0
115	38	1.0
115	77	1.0
115	89	1.0
115	354	1.0
115	387	1.0
115	402	1.0
116	117	0.5
116	118	0.5
116	119	0.5
116	120	0.5
116	388	1.0
116	407	1.0
117	116	0.5
117	118	0.5
117	119	0.5
117	120	0.5
117	113	1.0
117	267	1.0
117	364	1.0
118	116	0.5
118	117	0.5
118	119	0.5
118	120	0.5
118	109	1.0
118	206	1.0
118	216	1.0
118	382	1.0
118	459	1.0
119	116	0.5
119	117	0.5
119	118	0.5
119	120	0.5
119	159	1.0
119	161	1.0
119	184	1.0
119	234	1.0
119	301	1.0
120	116	0.5
120	117	0.5
120	118	0.5
120	119	0.5
120	156	1.0
120	289	1.0
120	308	1.0
120	325	1.0
120	443	1.0
121	122	0.5
121	123	0.5
121	124	0.5
121	125	0.5
121	19	1.0
121	65	1.0
121	226	1.0
121	410	1.0
122	121	0.5
122	123	0.5
122	124	0.5
122	125	0.5
122	64	1.0
122	83	1.0
122	356	1.0
122	487	1.0
122	494	1.0
123	121	0.5
123	122	0.5
123	124	0.5
123	125	0.5
123	84	1.0
123	154	1.0
123	311	1.0
123	322	1.0
123	418	1.0
123	482	1.0
124	121	0.5
124	122	0.5
124	123	0.5
124	125	0.5
124	5	1.0
125	121	0.5
125	122	0.5
125	123	0.5
125	124	0.5
125	495	1.0
126	127	0.5
126	128	0.5
126	129	0.5
126	130	0.5
126	90	1.0
126	95	1.0
126	97	1.0
126	209	1.0
126	376	1.0
126	411	1.0
126	473	1.0
127	126	0.5
127	128	0.5
127	129	0.5
127	130	0.5
127	160	1.0
127	170	1.0
127	242	1.0
127	379	1.0
128	126	0.5
128	127	0.5
128	129	0.5
128	130	0.5
128	62	1.0
128	186	1.0
128	260	1.0
128	293	1.0
128	466	1.0
128	471	1.0
129	126	0.5
129	127	0.5
129	128	0.5
129	130	0.5
129	102	1.0
129	145	1.0
129	211	1.0
129	252	1.0
129	309	1.0
129	496	1.0
130	126	0.5
130	127	0.5
130	128	0.5
130	129	0.5
130	384	1.0
130	401	1.0
130	404	1.0
130	431	1.0
131	132	0.5
131	133	0.5
131	134	0.5
131	135	0.5
131	25	1.0
131	81	1.0
131	196	1.0
131	269	1.0
131	453	1.0
132	131	0.5
132	133	0.5
132	134	0.5
132	135	0.5
132	100	1.0
132	146	1.0
132	174	1.0
132	230	1.0
132	279	1.0
132	465	1.0
132	497	1.0
133	131	0.5
133	132	0.5
133	134	0.5
133	135	0.5
133	16	1.0
133	30	1.0
133	73	1.0
133	74	1.0
133	155	1.0
133	238	1.0
133	248	1.0
134	131	0.5
134	132	0.5
134	133	0.5
134	135	0.5
134	61	1.0
134	99	1.0
134	165	1.0
134	172	1.0
134	219	1.0
134	258	1.0
134	270	1.0
135	131	0.5
135	132	0.5
135	133	0.5
135	134	0.5
135	26	1.0
135	368	1.0
135	461	1.0
135	488	1.0
136	137	0.5
136	138	0.5
136	139	0.5
136	140	0.5
136	9	1.0
136	27	1.0
136	385	1.0
136	452	1.0
137	136	0.5
137	138	0.5
137	139	0.5
137	140	0.5
137	265	1.0
137	341	1.0
137	347	1.0
137	400	1.0
137	422	1.0
138	136	0.5
138	137	0.5
138	139	0.5
138	140	0.5
138	244	1.0
138	278	1.0
138	318	1.0
138	378	1.0
139	136	0.5
139	137	0.5
139	138	0.5
139	140	0.5
139	108	1.0
139	281	1.0
139	297	1.0
139	489	1.0
140	136	0.5
140	137	0.5
140	138	0.5
140	139	0.5
140	70	1.0
140	167	1.0
140	176	1.0
140	195	1.0
140	285	1.0
140	337	1.0
141	142	0.5
141	143	0.5
141	144	0.5
141	145	0.5
141	240	1.0
141	429	1.0
142	141	0.5
142	143	0.5
142	144	0.5
142	145	0.5
142	149	1.0
142	333	1.0
142	392	1.0
143	141	0.5
143	142	0.5
143	144	0.5
143	145	0.5
143	303	1.0
143	460	1.0
144	141	0.5
144	142	0.5
144	143	0.5
144	145	0.5
144	41	1.0
144	53	1.0
144	105	1.0
144	157	1.0
144	227	1.0
144	476	1.0
144	491	1.0
145	141	0.5
145	142	0.5
145	143	0.5
145	144	0.5
145	102	1.0
145	129	1.0
145	211	1.0
145	252	1.0
145	309	1.0
145	496	1.0
146	147	0.5
146	148	0.5
146	149	0.5
146	150	0.5
146	100	1.0
146	132	1.0
146	174	1.0
146	230	1.0
146	279	1.0
146	465	1.0
146	497	1.0
147	146	0.5
147	148	0.5
147	149	0.5
147	150	0.5
147	40	1.0
147	187	1.0
147	348	1.0
147	369	1.0
147	456	1.0
147	499	1.0
148	146	0.5
148	147	0.5
148	149	0.5
148	150	0.5
148	175	1.0
148	205	1.0
148	287	1.0
148	291	1.0
149	146	0.5
149	147	0.5
149	148	0.5
149	150	0.5
149	142	1.0
149	333	1.0
149	392	1.0
150	146	0.5
150	147	0.5
150	148	0.5
150	149	0.5
150	18	1.0
150	302	1.0
150	327	1.0
150	366	1.0
151	152	0.5
151	153	0.5
151	154	0.5
151	155	0.5
151	78	1.0
151	94	1.0
151	416	1.0
151	462	1.0
152	151	0.5
152	153	0.5
152	154	0.5
152	155	0.5
152	60	1.0
152	79	1.0
152	280	1.0
152	306	1.0
152	372	1.0
153	151	0.5
153	152	0.5
153	154	0.5
153	155	0.5
153	253	1.0
153	286	1.0
153	329	1.0
153	355	1.0
153	371	1.0
153	393	1.0
153	419	1.0
154	151	0.5
154	152	0.5
154	153	0.5
154	155	0.5
154	84	1.0
154	123	1.0
154	311	1.0
154	322	1.0
154	418	1.0
154	482	1.0
155	151	0.5
155	152	0.5
155	153	0.5
155	154	0.5
155	16	1.0
155	30	1.0
155	73	1.0
155	74	1.0
155	133	1.0
155	238	1.0
155	248	1.0
156	157	0.5
156	158	0.5
156	159	0.5
156	160	0.5
156	120	1.0
156	289	1.0
156	308	1.0
156	325	1.0
156	443	1.0
157	156	0.5
157	158	0.5
157	159	0.5
157	160	0.5
157	41	1.0
157	53	1.0
157	105	1.0
157	144	1.0
157	227	1.0
157	476	1.0
157	491	1.0
158	156	0.5
158	157	0.5
158	159	0.5
158	160	0.5
158	264	1.0
159	156	0.5
159	157	0.5
159	158	0.5
159	160	0.5
159	119	1.0
159	161	1.0
159	184	1.0
159	234	1.0
159	301	1.0
160	156	0.5
160	157	0.5
160	158	0.5
160	159	0.5
160	127	1.0
160	170	1.0
160	242	1.0
160	379	1.0
161	162	0.5
161	163	0.5
161	164	0.5
161	165	0.5
161	119	1.0
161	159	1.0
161	184	1.0
161	234	1.0
161	301	1.0
162	161	0.5
162	163	0.5
162	164	0.5
162	165	0.5
162	47	1.0
162	68	1.0
162	75	1.0
162	171	1.0
162	259	1.0
162	414	1.0
163	161	0.5
163	162	0.5
163	164	0.5
163	165	0.5
163	7	1.0
163	321	1.0
163	331	1.0
163	475	1.0
164	161	0.5
164	162	0.5
164	163	0.5
164	165	0.5
164	52	1.0
164	169	1.0
164	413	1.0
165	161	0.5
165	162	0.5
165	163	0.5
165	164	0.5
165	61	1.0
165	99	1.0
165	134	1.0
165	172	1.0
165	219	1.0
165	258	1.0
165	270	1.0
166	167	0.5
166	168	0.5
166	169	0.5
166	170	0.5
166	93	1.0
166	277	1.0
166	328	1.0
166	463	1.0
167	166	0.5
167	168	0.5
167	169	0.5
167	170	0.5
167	70	1.0
167	140	1.0
167	176	1.0
167	195	1.0
167	285	1.0
167	337	1.0
168	166	0.5
168	167	0.5
168	169	0.5
168	170	0.5
168	21	1.0
168	56	1.0
168	173	1.0
168	193	1.0
168	237	1.0
168	312	1.0
168	457	1.0
169	166	0.5
169	167	0.5
169	168	0.5
169	170	0.5
169	52	1.0
169	164	1.0
169	413	1.0
170	166	0.5
170	167	0.5
170	168	0.5
170	169	0.5
170	127	1.0
170	160	1.0
170	242	1.0
170	379	1.0
171	172	0.5
171	173	0.5
171	174	0.5
171	175	0.5
171	47	1.0
171	68	1.0
171	75	1.0
171	162	1.0
171	259	1.0
171	414	1.0
172	171	0.5
172	173	0.5
172	174	0.5
172	175	0.5
172	61	1.0
172	99	1.0
172	134	1.0
172	165	1.0
172	219	1.0
172	258	1.0
172	270	1.0
173	171	0.5
173	172	0.5
173	174	0.5
173	175	0.5
173	21	1.0
173	56	1.0
173	168	1.0
173	193	1.0
173	237	1.0
173	312	1.0
173	457	1.0
174	171	0.5
174	172	0.5
174	173	0.5
174	175	0.5
174	100	1.0
174	132	1.0
174	146	1.0
174	230	1.0
174	279	1.0
174	465	1.0
174	497	1.0
175	171	0.5
175	172	0.5
175	173	0.5
175	174	0.5
175	148	1.0
175	205	1.0
175	287	1.0
175	291	1.0
176	177	0.5
176	178	0.5
176	179	0.5
176	180	0.5
176	70	1.0
176	140	1.0
176	167	1.0
176	195	1.0
176	285	1.0
176	337	1.0
177	176	0.5
177	178	0.5
177	179	0.5
177	180	0.5
177	24	1.0
177	351	1.0
177	428	1.0
177	486	1.0
178	176	0.5
178	177	0.5
178	179	0.5
178	180	0.5
178	88	1.0
178	246	1.0
178	257	1.0
178	380	1.0
178	433	1.0
178	448	1.0
179	176	0.5
179	177	0.5
179	178	0.5
179	180	0.5
179	14	1.0
179	183	1.0
179	245	1.0
179	292	1.0
179	345	1.0
179	373	1.0
180	176	0.5
180	177	0.5
180	178	0.5
180	179	0.5
180	6	1.0
180	288	1.0
180	307	1.0
180	344	1.0
180	390	1.0
180	450	1.0
181	182	0.5
181	183	0.5
181	184	0.5
181	185	0.5
181	273	1.0
181	323	1.0
182	181	0.5
182	183	0.5
182	184	0.5
182	185	0.5
182	198	1.0
182	357	1.0
182	389	1.0
182	493	1.0
183	181	0.5
183	182	0.5
183	184	0.5
183	185	0.5
183	14	1.0
183	179	1.0
183	245	1.0
183	292	1.0
183	345	1.0
183	373	1.0
184	181	0.5
184	182	0.5
184	183	0.5
184	185	0.5
184	119	1.0
184	159	1.0
184	161	1.0
184	234	1.0
184	301	1.0
185	181	0.5
185	182	0.5
185	183	0.5
185	184	0.5
185	409	1.0
185	426	1.0
186	187	0.5
186	188	0.5
186	189	0.5
186	190	0.5
186	62	1.0
186	128	1.0
186	260	1.0
186	293	1.0
186	466	1.0
186	471	1.0
187	186	0.5
187	188	0.5
187	189	0.5
187	190	0.5
187	40	1.0
187	147	1.0
187	348	1.0
187	369	1.0
187	456	1.0
187	499	1.0
188	186	0.5
188	187	0.5
188	189	0.5
188	190	0.5
188	54	1.0
188	191	1.0
188	254	1.0
188	283	1.0
188	314	1.0
188	406	1.0
188	484	1.0
189	186	0.5
189	187	0.5
189	188	0.5
189	190	0.5
189	223	1.0
189	339	1.0
189	446	1.0
190	186	0.5
190	187	0.5
190	188	0.5
190	189	0.5
190	33	1.0
190	214	1.0
190	335	1.0
190	381	1.0
190	481	1.0
191	192	0.5
191	193	0.5
191	194	0.5
191	195	0.5
191	54	1.0
191	188	1.0
191	254	1.0
191	283	1.0
191	314	1.0
191	406	1.0
191	484	1.0
192	191	0.5
192	193	0.5
192	194	0.5
192	195	0.5
192	34	1.0
192	57	1.0
192	225	1.0
192	304	1.0
192	313	1.0
192	336	1.0
193	191	0.5
193	192	0.5
193	194	0.5
193	195	0.5
193	21	1.0
193	56	1.0
193	168	1.0
193	173	1.0
193	237	1.0
193	312	1.0
193	457	1.0
194	191	0.5
194	192	0.5
194	193	0.5
194	195	0.5
194	2	1.0
194	49	1.0
194	101	1.0
194	231	1.0
194	435	1.0
194	439	1.0
195	191	0.5
195	192	0.5
195	193	0.5
195	194	0.5
195	70	1.0
195	140	1.0
195	167	1.0
195	176	1.0
195	285	1.0
195	337	1.0
196	197	0.5
196	198	0.5
196	199	0.5
196	200	0.5
196	25	1.0
196	81	1.0
196	131	1.0
196	269	1.0
196	453	1.0
197	196	0.5
197	198	0.5
197	199	0.5
197	200	0.5
197	45	1.0
197	204	1.0
197	210	1.0
197	235	1.0
197	360	1.0
198	196	0.5
198	197	0.5
198	199	0.5
198	200	0.5
198	182	1.0
198	357	1.0
198	389	1.0
198	493	1.0
199	196	0.5
199	197	0.5
199	198	0.5
199	200	0.5
199	15	1.0
199	69	1.0
199	104	1.0
199	232	1.0
199	350	1.0
199	442	1.0
200	196	0.5
200	197	0.5
200	198	0.5
200	199	0.5
200	250	1.0
200	251	1.0
200	362	1.0
201	202	0.5
201	203	0.5
201	204	0.5
201	205	0.5
201	4	1.0
201	55	1.0
201	263	1.0
201	340	1.0
201	396	1.0
201	468	1.0
202	201	0.5
202	203	0.5
202	204	0.5
202	205	0.5
202	31	1.0
202	346	1.0
203	201	0.5
203	202	0.5
203	204	0.5
203	205	0.5
203	370	1.0
203	417	1.0
204	201	0.5
204	202	0.5
204	203	0.5
204	205	0.5
204	45	1.0
204	197	1.0
204	210	1.0
204	235	1.0
204	360	1.0
205	201	0.5
205	202	0.5
205	203	0.5
205	204	0.5
205	148	1.0
205	175	1.0
205	287	1.0
205	291	1.0
206	207	0.5
206	208	0.5
206	209	0.5
206	210	0.5
206	109	1.0
206	118	1.0
206	216	1.0
206	382	1.0
206	459	1.0
207	206	0.5
207	208	0.5
207	209	0.5
207	210	0.5
207	11	1.0
207	23	1.0
207	299	1.0
207	397	1.0
207	469	1.0
207	470	1.0
208	206	0.5
208	207	0.5
208	209	0.5
208	210	0.5
208	36	1.0
208	276	1.0
208	295	1.0
208	449	1.0
208	485	1.0
209	206	0.5
209	207	0.5
209	208	0.5
209	210	0.5
209	90	1.0
209	95	1.0
209	97	1.0
209	126	1.0
209	376	1.0
209	411	1.0
209	473	1.0
210	206	0.5
210	207	0.5
210	208	0.5
210	209	0.5
210	45	1.0
210	197	1.0
210	204	1.0
210	235	1.0
210	360	1.0
211	212	0.5
211	213	0.5
211	214	0.5
211	215	0.5
211	102	1.0
211	129	1.0
211	145	1.0
211	252	1.0
211	309	1.0
211	496	1.0
212	211	0.5
212	213	0.5
212	214	0.5
212	215	0.5
212	42	1.0
212	319	1.0
212	338	1.0
212	427	1.0
213	211	0.5
213	212	0.5
213	214	0.5
213	215	0.5
213	13	1.0
213	32	1.0
213	480	1.0
213	500	1.0
214	211	0.5
214	212	0.5
214	213	0.5
214	215	0.5
214	33	1.0
214	190	1.0
214	335	1.0
214	381	1.0
214	481	1.0
215	211	0.5
215	212	0.5
215	213	0.5
215	214	0.5
215	87	1.0
215	92	1.0
215	221	1.0
215	374	1.0
215	498	1.0
216	217	0.5
216	218	0.5
216	219	0.5
216	220	0.5
216	109	1.0
216	118	1.0
216	206	1.0
216	382	1.0
216	459	1.0
217	216	0.5
217	218	0.5
217	219	0.5
217	220	0.5
217	72	1.0
217	224	1.0
217	271	1.0
217	395	1.0
217	421	1.0
217	436	1.0
218	216	0.5
218	217	0.5
218	219	0.5
218	220	0.5
218	44	1.0
218	316	1.0
218	353	1.0
218	394	1.0
219	216	0.5
219	217	0.5
219	218	0.5
219	220	0.5
219	61	1.0
219	99	1.0
219	134	1.0
219	165	1.0
219	172	1.0
219	258	1.0
219	270	1.0
220	216	0.5
220	217	0.5
220	218	0.5
220	219	0.5
220	48	1.0
220	112	1.0
220	326	1.0
221	222	0.5
221	223	0.5
221	224	0.5
221	225	0.5
221	87	1.0
221	92	1.0
221	215	1.0
221	374	1.0
221	498	1.0
222	221	0.5
222	223	0.5
222	224	0.5
222	225	0.5
222	29	1.0
222	300	1.0
222	349	1.0
223	221	0.5
223	222	0.5
223	224	0.5
223	225	0.5
223	189	1.0
223	339	1.0
223	446	1.0
224	221	0.5
224	222	0.5
224	223	0.5
224	225	0.5
224	72	1.0
224	217	1.0
224	271	1.0
224	395	1.0
224	421	1.0
224	436	1.0
225	221	0.5
225	222	0.5
225	223	0.5
225	224	0.5
225	34	1.0
225	57	1.0
225	192	1.0
225	304	1.0
225	313	1.0
225	336	1.0
226	227	0.5
226	228	0.5
226	229	0.5
226	230	0.5
226	19	1.0
226	65	1.0
226	121	1.0
226	410	1.0
227	226	0.5
227	228	0.5
227	229	0.5
227	230	0.5
227	41	1.0
227	53	1.0
227	105	1.0
227	144	1.0
227	157	1.0
227	476	1.0
227	491	1.0
228	226	0.5
228	227	0.5
228	229	0.5
228	230	0.5
228	3	1.0
228	96	1.0
228	274	1.0
228	290	1.0
228	434	1.0
229	226	0.5
229	227	0.5
229	228	0.5
229	230	0.5
229	58	1.0
229	67	1.0
229	359	1.0
229	375	1.0
229	464	1.0
230	226	0.5
230	227	0.5
230	228	0.5
230	229	0.5
230	100	1.0
230	132	1.0
230	146	1.0
230	174	1.0
230	279	1.0
230	465	1.0
230	497	1.0
231	232	0.5
231	233	0.5
231	234	0.5
231	235	0.5
231	2	1.0
231	49	1.0
231	101	1.0
231	194	1.0
231	435	1.0
231	439	1.0
232	231	0.5
232	233	0.5
232	234	0.5
232	235	0.5
232	15	1.0
232	69	1.0
232	104	1.0
232	199	1.0
232	350	1.0
232	442	1.0
233	231	0.5
233	232	0.5
233	234	0.5
233	235	0.5
233	66	1.0
233	444	1.0
234	231	0.5
234	232	0.5
234	233	0.5
234	235	0.5
234	119	1.0
234	159	1.0
234	161	1.0
234	184	1.0
234	301	1.0
235	231	0.5
235	232	0.5
235	233	0.5
235	234	0.5
235	45	1.0
235	197	1.0
235	204	1.0
235	210	1.0
235	360	1.0
236	237	0.5
236	238	0.5
236	239	0.5
236	240	0.5
236	12	1.0
236	17	1.0
236	22	1.0
236	63	1.0
236	82	1.0
236	110	1.0
236	317	1.0
236	320	1.0
236	425	1.0
236	477	1.0
237	236	0.5
237	238	0.5
237	239	0.5
237	240	0.5
237	21	1.0
237	56	1.0
237	168	1.0
237	173	1.0
237	193	1.0
237	312	1.0
237	457	1.0
238	236	0.5
238	237	0.5
238	239	0.5
238	240	0.5
238	16	1.0
238	30	1.0
238	73	1.0
238	74	1.0
238	133	1.0
238	155	1.0
238	248	1.0
239	236	0.5
239	237	0.5
239	238	0.5
239	240	0.5
239	107	1.0
239	243	1.0
239	438	1.0
239	441	1.0
240	236	0.5
240	237	0.5
240	238	0.5
240	239	0.5
240	141	1.0
240	429	1.0
241	242	0.5
241	243	0.5
241	244	0.5
241	245	0.5
241	249	1.0
241	334	1.0
241	398	1.0
241	405	1.0
242	241	0.5
242	243	0.5
242	244	0.5
242	245	0.5
242	127	1.0
242	160	1.0
242	170	1.0
242	379	1.0
243	241	0.5
243	242	0.5
243	244	0.5
243	245	0.5
243	107	1.0
243	239	1.0
243	438	1.0
243	441	1.0
244	241	0.5
244	242	0.5
244	243	0.5
244	245	0.5
244	138	1.0
244	278	1.0
244	318	1.0
244	378	1.0
245	241	0.5
245	242	0.5
245	243	0.5
245	244	0.5
245	14	1.0
245	179	1.0
245	183	1.0
245	292	1.0
245	345	1.0
245	373	1.0
246	247	0.5
246	248	0.5
246	249	0.5
246	250	0.5
246	88	1.0
246	178	1.0
246	257	1.0
246	380	1.0
246	433	1.0
246	448	1.0
247	246	0.5
247	248	0.5
247	249	0.5
247	250	0.5
247	80	1.0
247	261	1.0
247	298	1.0
247	386	1.0
247	424	1.0
247	454	1.0
248	246	0.5
248	247	0.5
248	249	0.5
248	250	0.5
248	16	1.0
248	30	1.0
248	73	1.0
248	74	1.0
248	133	1.0
248	155	1.0
248	238	1.0
249	246	0.5
249	247	0.5
249	248	0.5
249	250	0.5
249	241	1.0
249	334	1.0
249	398	1.0
249	405	1.0
250	246	0.5
250	247	0.5
250	248	0.5
250	249	0.5
250	200	1.0
250	251	1.0
250	362	1.0
251	252	0.5
251	253	0.5
251	254	0.5
251	255	0.5
251	200	1.0
251	250	1.0
251	362	1.0
252	251	0.5
252	253	0.5
252	254	0.5
252	255	0.5
252	102	1.0
252	129	1.0
252	145	1.0
252	211	1.0
252	309	1.0
252	496	1.0
253	251	0.5
253	252	0.5
253	254	0.5
253	255	0.5
253	153	1.0
253	286	1.0
253	329	1.0
253	355	1.0
253	371	1.0
253	393	1.0
253	419	1.0
254	251	0.5
254	252	0.5
254	253	0.5
254	255	0.5
254	54	1.0
254	188	1.0
254	191	1.0
254	283	1.0
254	314	1.0
254	406	1.0
254	484	1.0
255	251	0.5
255	252	0.5
255	253	0.5
255	254	0.5
255	51	1.0
255	103	1.0
255	420	1.0
256	257	0.5
256	258	0.5
256	259	0.5
256	260	0.5
256	98	1.0
256	114	1.0
256	432	1.0
257	256	0.5
257	258	0.5
257	259	0.5
257	260	0.5
257	88	1.0
257	178	1.0
257	246	1.0
257	380	1.0
257	433	1.0
257	448	1.0
258	256	0.5
258	257	0.5
258	259	0.5
258	260	0.5
258	61	1.0
258	99	1.0
258	134	1.0
258	165	1.0
258	172	1.0
258	219	1.0
258	270	1.0
259	256	0.5
259	257	0.5
259	258	0.5
259	260	0.5
259	47	1.0
259	68	1.0
259	75	1.0
259	162	1.0
259	171	1.0
259	414	1.0
260	256	0.5
260	257	0.5
260	258	0.5
260	259	0.5
260	62	1.0
260	128	1.0
260	186	1.0
260	293	1.0
260	466	1.0
260	471	1.0
261	262	0.5
261	263	0.5
261	264	0.5
261	265	0.5
261	80	1.0
261	247	1.0
261	298	1.0
261	386	1.0
261	424	1.0
261	454	1.0
262	261	0.5
262	263	0.5
262	264	0.5
262	265	0.5
262	296	1.0
262	440	1.0
263	261	0.5
263	262	0.5
263	264	0.5
263	265	0.5
263	4	1.0
263	55	1.0
263	201	1.0
263	340	1.0
263	396	1.0
263	468	1.0
264	261	0.5
264	262	0.5
264	263	0.5
264	265	0.5
264	158	1.0
265	261	0.5
265	262	0.5
265	263	0.5
265	264	0.5
265	137	1.0
265	341	1.0
265	347	1.0
265	400	1.0
265	422	1.0
266	267	0.5
266	268	0.5
266	269	0.5
266	270	0.5
267	266	0.5
267	268	0.5
267	269	0.5
267	270	0.5
267	113	1.0
267	117	1.0
267	364	1.0
268	266	0.5
268	267	0.5
268	269	0.5
268	270	0.5
268	39	1.0
268	363	1.0
269	266	0.5
269	267	0.5
269	268	0.5
269	270	0.5
269	25	1.0
269	81	1.0
269	131	1.0
269	196	1.0
269	453	1.0
270	266	0.5
270	267	0.5
270	268	0.5
270	269	0.5
270	61	1.0
270	99	1.0
270	134	1.0
270	165	1.0
270	172	1.0
270	219	1.0
270	258	1.0
271	272	0.5
271	273	0.5
271	274	0.5
271	275	0.5
271	72	1.0
271	217	1.0
271	224	1.0
271	395	1.0
271	421	1.0
271	436	1.0
272	271	0.5
272	273	0.5
272	274	0.5
272	275	0.5
272	342	1.0
272	451	1.0
272	472	1.0
273	271	0.5
273	272	0.5
273	274	0.5
273	275	0.5
273	181	1.0
273	323	1.0
274	271	0.5
274	272	0.5
274	273	0.5
274	275	0.5
274	3	1.0
274	96	1.0
274	228	1.0
274	290	1.0
274	434	1.0
275	271	0.5
275	272	0.5
275	273	0.5
275	274	0.5
276	277	0.5
276	278	0.5
276	279	0.5
276	280	0.5
276	36	1.0
276	208	1.0
276	295	1.0
276	449	1.0
276	485	1.0
277	276	0.5
277	278	0.5
277	279	0.5
277	280	0.5
277	93	1.0
277	166	1.0
277	328	1.0
277	463	1.0
278	276	0.5
278	277	0.5
278	279	0.5
278	280	0.5
278	138	1.0
278	244	1.0
278	318	1.0
278	378	1.0
279	276	0.5
279	277	0.5
279	278	0.5
279	280	0.5
279	100	1.0
279	132	1.0
279	146	1.0
279	174	1.0
279	230	1.0
279	465	1.0
279	497	1.0
280	276	0.5
280	277	0.5
280	278	0.5
280	279	0.5
280	60	1.0
280	79	1.0
280	152	1.0
280	306	1.0
280	372	1.0
281	282	0.5
281	283	0.5
281	284	0.5
281	285	0.5
281	108	1.0
281	139	1.0
281	297	1.0
281	489	1.0
282	281	0.5
282	283	0.5
282	284	0.5
282	285	0.5
282	310	1.0
282	490	1.0
283	281	0.5
283	282	0.5
283	284	0.5
283	285	0.5
283	54	1.0
283	188	1.0
283	191	1.0
283	254	1.0
283	314	1.0
283	406	1.0
283	484	1.0
284	281	0.5
284	282	0.5
284	283	0.5
284	285	0.5
284	28	1.0
284	71	1.0
284	76	1.0
284	85	1.0
284	445	1.0
285	281	0.5
285	282	0.5
285	283	0.5
285	284	0.5
285	70	1.0
285	140	1.0
285	167	1.0
285	176	1.0
285	195	1.0
285	337	1.0
286	287	0.5
286	288	0.5
286	289	0.5
286	290	0.5
286	153	1.0
286	253	1.0
286	329	1.0
286	355	1.0
286	371	1.0
286	393	1.0
286	419	1.0
287	286	0.5
287	288	0.5
287	289	0.5
287	290	0.5
287	148	1.0
287	175	1.0
287	205	1.0
287	291	1.0
288	286	0.5
288	287	0.5
288	289	0.5
288	290	0.5
288	6	1.0
288	180	1.0
288	307	1.0
288	344	1.0
288	390	1.0
288	450	1.0
289	286	0.5
289	287	0.5
289	288	0.5
289	290	0.5
289	120	1.0
289	156	1.0
289	308	1.0
289	325	1.0
289	443	1.0
290	286	0.5
290	287	0.5
290	288	0.5
290	289	0.5
290	3	1.0
290	96	1.0
290	228	1.0
290	274	1.0
290	434	1.0
291	292	0.5
291	293	0.5
291	294	0.5
291	295	0.5
291	148	1.0
291	175	1.0
291	205	1.0
291	287	1.0
292	291	0.5
292	293	0.5
292	294	0.5
292	295	0.5
292	14	1.0
292	179	1.0
292	183	1.0
292	245	1.0
292	345	1.0
292	373	1.0
293	291	0.5
293	292	0.5
293	294	0.5
293	295	0.5
293	62	1.0
293	128	1.0
293	186	1.0
293	260	1.0
293	466	1.0
293	471	1.0
294	291	0.5
294	292	0.5
294	293	0.5
294	295	0.5
294	352	1.0
294	383	1.0
294	479	1.0
295	291	0.5
295	292	0.5
295	293	0.5
295	294	0.5
295	36	1.0
295	208	1.0
295	276	1.0
295	449	1.0
295	485	1.0
296	297	0.5
296	298	0.5
296	299	0.5
296	300	0.5
296	262	1.0
296	440	1.0
297	296	0.5
297	298	0.5
297	299	0.5
297	300	0.5
297	108	1.0
297	139	1.0
297	281	1.0
297	489	1.0
298	296	0.5
298	297	0.5
298	299	0.5
298	300	0.5
298	80	1.0
298	247	1.0
298	261	1.0
298	386	1.0
298	424	1.0
298	454	1.0
299	296	0.5
299	297	0.5
299	298	0.5
299	300	0.5
299	11	1.0
299	23	1.0
299	207	1.0
299	397	1.0
299	469	1.0
299	470	1.0
300	296	0.5
300	297	0.5
300	298	0.5
300	299	0.5
300	29	1.0
300	222	1.0
300	349	1.0
301	302	0.5
301	303	0.5
301	304	0.5
301	305	0.5
301	119	1.0
301	159	1.0
301	161	1.0
301	184	1.0
301	234	1.0
302	301	0.5
302	303	0.5
302	304	0.5
302	305	0.5
302	18	1.0
302	150	1.0
302	327	1.0
302	366	1.0
303	301	0.5
303	302	0.5
303	304	0.5
303	305	0.5
303	143	1.0
303	460	1.0
304	301	0.5
304	302	0.5
304	303	0.5
304	305	0.5
304	34	1.0
304	57	1.0
304	192	1.0
304	225	1.0
304	313	1.0
304	336	1.0
305	301	0.5
305	302	0.5
305	303	0.5
305	304	0.5
305	20	1.0
305	91	1.0
305	330	1.0
305	343	1.0
305	365	1.0
306	307	0.5
306	308	0.5
306	309	0.5
306	310	0.5
306	60	1.0
306	79	1.0
306	152	1.0
306	280	1.0
306	372	1.0
307	306	0.5
307	308	0.5
307	309	0.5
307	310	0.5
307	6	1.0
307	180	1.0
307	288	1.0
307	344	1.0
307	390	1.0
307	450	1.0
308	306	0.5
308	307	0.5
308	309	0.5
308	310	0.5
308	120	1.0
308	156	1.0
308	289	1.0
308	325	1.0
308	443	1.0
309	306	0.5
309	307	0.5
309	308	0.5
309	310	0.5
309	102	1.0
309	129	1.0
309	145	1.0
309	211	1.0
309	252	1.0
309	496	1.0
310	306	0.5
310	307	0.5
310	308	0.5
310	309	0.5
310	282	1.0
310	490	1.0
311	312	0.5
311	313	0.5
311	314	0.5
311	315	0.5
311	84	1.0
311	123	1.0
311	154	1.0
311	322	1.0
311	418	1.0
311	482	1.0
312	311	0.5
312	313	0.5
312	314	0.5
312	315	0.5
312	21	1.0
312	56	1.0
312	168	1.0
312	173	1.0
312	193	1.0
312	237	1.0
312	457	1.0
313	311	0.5
313	312	0.5
313	314	0.5
313	315	0.5
313	34	1.0
313	57	1.0
313	192	1.0
313	225	1.0
313	304	1.0
313	336	1.0
314	311	0.5
314	312	0.5
314	313	0.5
314	315	0.5
314	54	1.0
314	188	1.0
314	191	1.0
314	254	1.0
314	283	1.0
314	406	1.0
314	484	1.0
315	311	0.5
315	312	0.5
315	313	0.5
315	314	0.5
315	1	1.0
315	37	1.0
315	377	1.0
316	317	0.5
316	318	0.5
316	319	0.5
316	320	0.5
316	44	1.0
316	218	1.0
316	353	1.0
316	394	1.0
317	316	0.5
317	318	0.5
317	319	0.5
317	320	1.5
317	12	1.0
317	17	1.0
317	22	1.0
317	63	1.0
317	82	1.0
317	110	1.0
317	236	1.0
317	425	1.0
317	477	1.0
318	316	0.5
318	317	0.5
318	319	0.5
318	320	0.5
318	138	1.0
318	244	1.0
318	278	1.0
318	378	1.0
319	316	0.5
319	317	0.5
319	318	0.5
319	320	0.5
319	42	1.0
319	212	1.0
319	338	1.0
319	427	1.0
320	316	0.5
320	317	1.5
320	318	0.5
320	319	0.5
320	12	1.0
320	17	1.0
320	22	1.0
320	63	1.0
320	82	1.0
320	110	1.0
320	236	1.0
320	425	1.0
320	477	1.0
321	322	0.5
321	323	0.5
321	324	0.5
321	325	0.5
321	7	1.0
321	163	1.0
321	331	1.0
321	475	1.0
322	321	0.5
322	323	0.5
322	324	0.5
322	325	0.5
322	84	1.0
322	123	1.0
322	154	1.0
322	311	1.0
322	418	1.0
322	482	1.0
323	321	0.5
323	322	0.5
323	324	0.5
323	325	0.5
323	181	1.0
323	273	1.0
324	321	0.5
324	322	0.5
324	323	0.5
324	325	0.5
324	111	1.0
324	361	1.0
324	437	1.0
325	321	0.5
325	322	0.5
325	323	0.5
325	324	0.5
325	120	1.0
325	156	1.0
325	289	1.0
325	308	1.0
325	443	1.0
326	327	0.5
326	328	0.5
326	329	0.5
326	330	0.5
326	48	1.0
326	112	1.0
326	220	1.0
327	326	0.5
327	328	0.5
327	329	0.5
327	330	0.5
327	18	1.0
327	150	1.0
327	302	1.0
327	366	1.0
328	326	0.5
328	327	0.5
328	329	0.5
328	330	0.5
328	93	1.0
328	166	1.0
328	277	1.0
328	463	1.0
329	326	0.5
329	327	0.5
329	328	0.5
329	330	0.5
329	153	1.0
329	253	1.0
329	286	1.0
329	355	1.0
329	371	1.0
329	393	1.0
329	419	1.0
330	326	0.5
330	327	0.5
330	328	0.5
330	329	0.5
330	20	1.0
330	91	1.0
330	305	1.0
330	343	1.0
330	365	1.0
331	332	0.5
331	333	0.5
331	334	0.5
331	335	0.5
331	7	1.0
331	163	1.0
331	321	1.0
331	475	1.0
332	331	0.5
332	333	0.5
332	334	0.5
332	335	0.5
333	331	0.5
333	332	0.5
333	334	0.5
333	335	0.5
333	142	1.0
333	149	1.0
333	392	1.0
334	331	0.5
334	332	0.5
334	333	0.5
334	335	0.5
334	241	1.0
334	249	1.0
334	398	1.0
334	405	1.0
335	331	0.5
335	332	0.5
335	333	0.5
335	334	0.5
335	33	1.0
335	190	1.0
335	214	1.0
335	381	1.0
335	481	1.0
336	337	0.5
336	338	0.5
336	339	0.5
336	340	0.5
336	34	1.0
336	57	1.0
336	192	1.0
336	225	1.0
336	304	1.0
336	313	1.0
337	336	0.5
337	338	0.5
337	339	0.5
337	340	0.5
337	70	1.0
337	140	1.0
337	167	1.0
337	176	1.0
337	195	1.0
337	285	1.0
338	336	0.5
338	337	0.5
338	339	0.5
338	340	0.5
338	42	1.0
338	212	1.0
338	319	1.0
338	427	1.0
339	336	0.5
339	337	0.5
339	338	0.5
339	340	0.5
339	189	1.0
339	223	1.0
339	446	1.0
340	336	0.5
340	337	0.5
340	338	0.5
340	339	0.5
340	4	1.0
340	55	1.0
340	201	1.0
340	263	1.0
340	396	1.0
340	468	1.0
341	342	0.5
341	343	0.5
341	344	0.5
341	345	0.5
341	137	1.0
341	265	1.0
341	347	1.0
341	400	1.0
341	422	1.0
342	341	0.5
342	343	0.5
342	344	0.5
342	345	0.5
342	272	1.0
342	451	1.0
342	472	1.0
343	341	0.5
343	342	0.5
343	344	0.5
343	345	0.5
343	20	1.0
343	91	1.0
343	305	1.0
343	330	1.0
343	365	1.0
344	341	0.5
344	342	0.5
344	343	0.5
344	345	0.5
344	6	1.0
344	180	1.0
344	288	1.0
344	307	1.0
344	390	1.0
344	450	1.0
345	341	0.5
345	342	0.5
345	343	0.5
345	344	0.5
345	14	1.0
345	179	1.0
345	183	1.0
345	245	1.0
345	292	1.0
345	373	1.0
346	347	0.5
346	348	0.5
346	349	0.5
346	350	0.5
346	31	1.0
346	202	1.0
347	346	0.5
347	348	0.5
347	349	0.5
347	350	0.5
347	137	1.0
347	265	1.0
347	341	1.0
347	400	1.0
347	422	1.0
348	346	0.5
348	347	0.5
348	349	0.5
348	350	0.5
348	40	1.0
348	147	1.0
348	187	1.0
348	369	1.0
348	456	1.0
348	499	1.0
349	346	0.5
349	347	0.5
349	348	0.5
349	350	0.5
349	29	1.0
349	222	1.0
349	300	1.0
350	346	0.5
350	347	0.5
350	348	0.5
350	349	0.5
350	15	1.0
350	69	1.0
350	104	1.0
350	199	1.0
350	232	1.0
350	442	1.0
351	352	0.5
351	353	0.5
351	354	0.5
351	355	0.5
351	24	1.0
351	177	1.0
351	428	1.0
351	486	1.0
352	351	0.5
352	353	0.5
352	354	0.5
352	355	0.5
352	294	1.0
352	383	1.0
352	479	1.0
353	351	0.5
353	352	0.5
353	354	0.5
353	355	0.5
353	44	1.0
353	218	1.0
353	316	1.0
353	394	1.0
354	351	0.5
354	352	0.5
354	353	0.5
354	355	0.5
354	35	1.0
354	38	1.0
354	77	1.0
354	89	1.0
354	115	1.0
354	387	1.0
354	402	1.0
355	351	0.5
355	352	0.5
355	353	0.5
355	354	0.5
355	153	1.0
355	253	1.0
355	286	1.0
355	329	1.0
355	371	1.0
355	393	1.0
355	419	1.0
356	357	0.5
356	358	0.5
356	359	0.5
356	360	0.5
356	64	1.0
356	83	1.0
356	122	1.0
356	487	1.0
356	494	1.0
357	356	0.5
357	358	0.5
357	359	0.5
357	360	0.5
357	182	1.0
357	198	1.0
357	389	1.0
357	493	1.0
358	356	0.5
358	357	0.5
358	359	0.5
358	360	0.5
358	367	1.0
359	356	0.5
359	357	0.5
359	358	0.5
359	360	0.5
359	58	1.0
359	67	1.0
359	229	1.0
359	375	1.0
359	464	1.0
360	356	0.5
360	357	0.5
360	358	0.5
360	359	0.5
360	45	1.0
360	197	1.0
360	204	1.0
360	210	1.0
360	235	1.0
361	362	0.5
361	363	0.5
361	364	0.5
361	365	0.5
361	111	1.0
361	324	1.0
361	437	1.0
362	361	0.5
362	363	0.5
362	364	0.5
362	365	0.5
362	200	1.0
362	250	1.0
362	251	1.0
363	361	0.5
363	362	0.5
363	364	0.5
363	365	0.5
363	39	1.0
363	268	1.0
364	361	0.5
364	362	0.5
364	363	0.5
364	365	0.5
364	113	1.0
364	117	1.0
364	267	1.0
365	361	0.5
365	362	0.5
365	363	0.5
365	364	0.5
365	20	1.0
365	91	1.0
365	305	1.0
365	330	1.0
365	343	1.0
366	367	0.5
366	368	0.5
366	369	0.5
366	370	0.5
366	18	1.0
366	150	1.0
366	302	1.0
366	327	1.0
367	366	0.5
367	368	0.5
367	369	0.5
367	370	0.5
367	358	1.0
368	366	0.5
368	367	0.5
368	369	0.5
368	370	0.5
368	26	1.0
368	135	1.0
368	461	1.0
368	488	1.0
369	366	0.5
369	367	0.5
369	368	0.5
369	370	0.5
369	40	1.0
369	147	1.0
369	187	1.0
369	348	1.0
369	456	1.0
369	499	1.0
370	366	0.5
370	367	0.5
370	368	0.5
370	369	0.5
370	203	1.0
370	417	1.0
371	372	0.5
371	373	0.5
371	374	0.5
371	375	0.5
371	153	1.0
371	253	1.0
371	286	1.0
371	329	1.0
371	355	1.0
371	393	1.0
371	419	1.0
372	371	0.5
372	373	0.5
372	374	0.5
372	375	0.5
372	60	1.0
372	79	1.0
372	152	1.0
372	280	1.0
372	306	1.0
373	371	0.5
373	372	0.5
373	374	0.5
373	375	0.5
373	14	1.0
373	179	1.0
373	183	1.0
373	245	1.0
373	292	1.0
373	345	1.0
374	371	0.5
374	372	0.5
374	373	0.5
374	375	0.5
374	87	1.0
374	92	1.0
374	215	1.0
374	221	1.0
374	498	1.0
375	371	0.5
375	372	0.5
375	373	0.5
375	374	0.5
375	58	1.0
375	67	1.0
375	229	1.0
375	359	1.0
375	464	1.0
376	377	0.5
376	378	0.5
376	379	0.5
376	380	0.5
376	90	1.0
376	95	1.0
376	97	1.0
376	126	1.0
376	209	1.0
376	411	1.0
376	473	1.0
377	376	0.5
377	378	0.5
377	379	0.5
377	380	0.5
377	1	1.0
377	37	1.0
377	315	1.0
378	376	0.5
378	377	0.5
378	379	0.5
378	380	0.5
378	138	1.0
378	244	1.0
378	278	1.0
378	318	1.0
379	376	0.5
379	377	0.5
379	378	0.5
379	380	0.5
379	127	1.0
379	160	1.0
379	170	1.0
379	242	1.0
380	376	0.5
380	377	0.5
380	378	0.5
380	379	0.5
380	88	1.0
380	178	1.0
380	246	1.0
380	257	1.0
380	433	1.0
380	448	1.0
381	382	0.5
381	383	0.5
381	384	0.5
381	385	0.5
381	33	1.0
381	190	1.0
381	214	1.0
381	335	1.0
381	481	1.0
382	381	0.5
382	383	0.5
382	384	0.5
382	385	0.5
382	109	1.0
382	118	1.0
382	206	1.0
382	216	1.0
382	459	1.0
383	381	0.5
383	382	0.5
383	384	0.5
383	385	0.5
383	294	1.0
383	352	1.0
383	479	1.0
384	381	0.5
384	382	0.5
384	383	0.5
384	385	0.5
384	130	1.0
384	401	1.0
384	404	1.0
384	431	1.0
385	381	0.5
385	382	0.5
385	383	0.5
385	384	0.5
385	9	1.0
385	27	1.0
385	136	1.0
385	452	1.0
386	387	0.5
386	388	0.5
386	389	0.5
386	390	0.5
386	80	1.0
386	247	1.0
386	261	1.0
386	298	1.0
386	424	1.0
386	454	1.0
387	386	0.5
387	388	0.5
387	389	0.5
387	390	0.5
387	35	1.0
387	38	1.0
387	77	1.0
387	89	1.0
387	115	1.0
387	354	1.0
387	402	1.0
388	386	0.5
388	387	0.5
388	389	0.5
388	390	0.5
388	116	1.0
388	407	1.0
389	386	0.5
389	387	0.5
389	388	0.5
389	390	0.5
389	182	1.0
389	198	1.0
389	357	1.0
389	493	1.0
390	386	0.5
390	387	0.5
390	388	0.5
390	389	0.5
390	6	1.0
390	180	1.0
390	288	1.0
390	307	1.0
390	344	1.0
390	450	1.0
391	392	0.5
391	393	0.5
391	394	0.5
391	395	0.5
391	8	1.0
391	59	1.0
391	86	1.0
391	399	1.0
391	415	1.0
392	391	0.5
392	393	0.5
392	394	0.5
392	395	0.5
392	142	1.0
392	149	1.0
392	333	1.0
393	391	0.5
393	392	0.5
393	394	0.5
393	395	0.5
393	153	1.0
393	253	1.0
393	286	1.0
393	329	1.0
393	355	1.0
393	371	1.0
393	419	1.0
394	391	0.5
394	392	0.5
394	393	0.5
394	395	0.5
394	44	1.0
394	218	1.0
394	316	1.0
394	353	1.0
395	391	0.5
395	392	0.5
395	393	0.5
395	394	0.5
395	72	1.0
395	217	1.0
395	224	1.0
395	271	1.0
395	421	1.0
395	436	1.0
396	397	0.5
396	398	0.5
396	399	0.5
396	400	0.5
396	4	1.0
396	55	1.0
396	201	1.0
396	263	1.0
396	340	1.0
396	468	1.0
397	396	0.5
397	398	0.5
397	399	0.5
397	400	0.5
397	11	1.0
397	23	1.0
397	207	1.0
397	299	1.0
397	469	1.0
397	470	1.0
398	396	0.5
398	397	0.5
398	399	0.5
398	400	0.5
398	241	1.0
398	249	1.0
398	334	1.0
398	405	1.0
399	396	0.5
399	397	0.5
399	398	0.5
399	400	0.5
399	8	1.0
399	59	1.0
399	86	1.0
399	391	1.0
399	415	1.0
400	396	0.5
400	397	0.5
400	398	0.5
400	399	0.5
400	137	1.0
400	265	1.0
400	341	1.0
400	347	1.0
400	422	1.0
401	402	0.5
401	403	0.5
401	404	1.5
401	405	0.5
401	130	1.0
401	384	1.0
401	431	1.0
402	401	0.5
402	403	0.5
402	404	0.5
402	405	0.5
402	35	1.0
402	38	1.0
402	77	1.0
402	89	1.0
402	115	1.0
402	354	1.0
402	387	1.0
403	401	0.5
403	402	0.5
403	404	0.5
403	405	0.5
403	43	1.0
403	46	1.0
403	455	1.0
404	401	1.5
404	402	0.5
404	403	0.5
404	405	0.5
404	130	1.0
404	384	1.0
404	431	1.0
405	401	0.5
405	402	0.5
405	403	0.5
405	404	0.5
405	241	1.0
405	249	1.0
405	334	1.0
405	398	1.0
406	407	0.5
406	408	0.5
406	409	0.5
406	410	0.5
406	54	1.0
406	188	1.0
406	191	1.0
406	254	1.0
406	283	1.0
406	314	1.0
406	484	1.0
407	406	0.5
407	408	0.5
407	409	0.5
407	410	0.5
407	116	1.0
407	388	1.0
408	406	0.5
408	407	0.5
408	409	0.5
408	410	0.5
408	412	1.0
408	467	1.0
408	483	1.0
409	406	0.5
409	407	0.5
409	408	0.5
409	410	0.5
409	185	1.0
409	426	1.0
410	406	0.5
410	407	0.5
410	408	0.5
410	409	0.5
410	19	1.0
410	65	1.0
410	121	1.0
410	226	1.0
411	412	0.5
411	413	0.5
411	414	0.5
411	415	0.5
411	90	1.0
411	95	1.0
411	97	1.0
411	126	1.0
411	209	1.0
411	376	1.0
411	473	1.0
412	411	0.5
412	413	0.5
412	414	0.5
412	415	0.5
412	408	1.0
412	467	1.0
412	483	1.0
413	411	0.5
413	412	0.5
413	414	0.5
413	415	0.5
413	52	1.0
413	164	1.0
413	169	1.0
414	411	0.5
414	412	0.5
414	413	0.5
414	415	0.5
414	47	1.0
414	68	1.0
414	75	1.0
414	162	1.0
414	171	1.0
414	259	1.0
415	411	0.5
415	412	0.5
415	413	0.5
415	414	0.5
415	8	1.0
415	59	1.0
415	86	1.0
415	391	1.0
415	399	1.0
416	417	0.5
416	418	0.5
416	419	0.5
416	420	0.5
416	78	1.0
416	94	1.0
416	151	1.0
416	462	1.0
417	416	0.5
417	418	0.5
417	419	0.5
417	420	0.5
417	203	1.0
417	370	1.0
418	416	0.5
418	417	0.5
418	419	0.5
418	420	0.5
418	84	1.0
418	123	1.0
418	154	1.0
418	311	1.0
418	322	1.0
418	482	1.0
419	416	0.5
419	417	0.5
419	418	0.5
419	420	0.5
419	153	1.0
419	253	1.0
419	286	1.0
419	329	1.0
419	355	1.0
419	371	1.0
419	393	1.0
420	416	0.5
420	417	0.5
420	418	0.5
420	419	0.5
420	51	1.0
420	103	1.0
420	255	1.0
421	422	0.5
421	423	0.5
421	424	0.5
421	425	0.5
421	72	1.0
421	217	1.0
421	224	1.0
421	271	1.0
421	395	1.0
421	436	1.0
422	421	0.5
422	423	0.5
422	424	0.5
422	425	0.5
422	137	1.0
422	265	1.0
422	341	1.0
422	347	1.0
422	400	1.0
423	421	0.5
423	422	0.5
423	424	0.5
423	425	0.5
423	447	1.0
423	478	1.0
424	421	0.5
424	422	0.5
424	423	0.5
424	425	0.5
424	80	1.0
424	247	1.0
424	261	1.0
424	298	1.0
424	386	1.0
424	454	1.0
425	421	0.5
425	422	0.5
425	423	0.5
425	424	0.5
425	12	1.0
425	17	1.0
425	22	1.0
425	63	1.0
425	82	1.0
425	110	1.0
425	236	1.0
425	317	1.0
425	320	1.0
425	477	1.0
426	427	0.5
426	428	0.5
426	429	0.5
426	430	0.5
426	185	1.0
426	409	1.0
427	426	0.5
427	428	0.5
427	429	0.5
427	430	0.5
427	42	1.0
427	212	1.0
427	319	1.0
427	338	1.0
428	426	0.5
428	427	0.5
428	429	0.5
428	430	0.5
428	24	1.0
428	177	1.0
428	351	1.0
428	486	1.0
429	426	0.5
429	427	0.5
429	428	0.5
429	430	0.5
429	141	1.0
429	240	1.0
430	426	0.5
430	427	0.5
430	428	0.5
430	429	0.5
430	106	1.0
431	432	0.5
431	433	0.5
431	434	0.5
431	435	0.5
431	130	1.0
431	384	1.0
431	401	1.0
431	404	1.0
432	431	0.5
432	433	0.5
432	434	0.5
432	435	0.5
432	98	1.0
432	114	1.0
432	256	1.0
433	431	0.5
433	432	0.5
433	434	0.5
433	435	0.5
433	88	1.0
433	178	1.0
433	246	1.0
433	257	1.0
433	380	1.0
433	448	1.0
434	431	0.5
434	432	0.5
434	433	0.5
434	435	0.5
434	3	1.0
434	96	1.0
434	228	1.0
434	274	1.0
434	290	1.0
435	431	0.5
435	432	0.5
435	433	0.5
435	434	0.5
435	2	1.0
435	49	1.0
435	101	1.0
435	194	1.0
435	231	1.0
435	439	1.0
436	437	0.5
436	438	0.5
436	439	0.5
436	440	0.5
436	72	1.0
436	217	1.0
436	224	1.0
436	271	1.0
436	395	1.0
436	421	1.0
437	436	0.5
437	438	0.5
437	439	0.5
437	440	0.5
437	111	1.0
437	324	1.0
437	361	1.0
438	436	0.5
438	437	0.5
438	439	0.5
438	440	0.5
438	107	1.0
438	239	1.0
438	243	1.0
438	441	1.0
439	436	0.5
439	437	0.5
439	438	0.5
439	440	0.5
439	2	1.0
439	49	1.0
439	101	1.0
439	194	1.0
439	231	1.0
439	435	1.0
440	436	0.5
440	437	0.5
440	438	0.5
440	439	0.5
440	262	1.0
440	296	1.0
441	442	0.5
441	443	0.5
441	444	0.5
441	445	0.5
441	107	1.0
441	239	1.0
441	243	1.0
441	438	1.0
442	441	0.5
442	443	0.5
442	444	0.5
442	445	0.5
442	15	1.0
442	69	1.0
442	104	1.0
442	199	1.0
442	232	1.0
442	350	1.0
443	441	0.5
443	442	0.5
443	444	0.5
443	445	0.5
443	120	1.0
443	156	1.0
443	289	1.0
443	308	1.0
443	325	1.0
444	441	0.5
444	442	0.5
444	443	0.5
444	445	0.5
444	66	1.0
444	233	1.0
445	441	0.5
445	442	0.5
445	443	0.5
445	444	0.5
445	28	1.0
445	71	1.0
445	76	1.0
445	85	1.0
445	284	1.0
446	447	0.5
446	448	0.5
446	449	0.5
446	450	0.5
446	189	1.0
446	223	1.0
446	339	1.0
447	446	0.5
447	448	0.5
447	449	0.5
447	450	0.5
447	423	1.0
447	478	1.0
448	446	0.5
448	447	0.5
448	449	0.5
448	450	0.5
448	88	1.0
448	178	1.0
448	246	1.0
448	257	1.0
448	380	1.0
448	433	1.0
449	446	0.5
449	447	0.5
449	448	0.5
449	450	0.5
449	36	1.0
449	208	1.0
449	276	1.0
449	295	1.0
449	485	1.0
450	446	0.5
450	447	0.5
450	448	0.5
450	449	0.5
450	6	1.0
450	180	1.0
450	288	1.0
450	307	1.0
450	344	1.0
450	390	1.0
451	452	0.5
451	453	0.5
451	454	0.5
451	455	0.5
451	272	1.0
451	342	1.0
451	472	1.0
452	451	0.5
452	453	0.5
452	454	0.5
452	455	0.5
452	9	1.0
452	27	1.0
452	136	1.0
452	385	1.0
453	451	0.5
453	452	0.5
453	454	0.5
453	455	0.5
453	25	1.0
453	81	1.0
453	131	1.0
453	196	1.0
453	269	1.0
454	451	0.5
454	452	0.5
454	453	0.5
454	455	0.5
454	80	1.0
454	247	1.0
454	261	1.0
454	298	1.0
454	386	1.0
454	424	1.0
455	451	0.5
455	452	0.5
455	453	0.5
455	454	0.5
455	43	1.0
455	46	1.0
455	403	1.0
456	457	0.5
456	458	0.5
456	459	0.5
456	460	0.5
456	40	1.0
456	147	1.0
456	187	1.0
456	348	1.0
456	369	1.0
456	499	1.0
457	456	0.5
457	458	0.5
457	459	0.5
457	460	0.5
457	21	1.0
457	56	1.0
457	168	1.0
457	173	1.0
457	193	1.0
457	237	1.0
457	312	1.0
458	456	0.5
458	457	0.5
458	459	0.5
458	460	0.5
458	50	1.0
459	456	0.5
459	457	0.5
459	458	0.5
459	460	0.5
459	109	1.0
459	118	1.0
459	206	1.0
459	216	1.0
459	382	1.0
460	456	0.5
460	457	0.5
460	458	0.5
460	459	0.5
460	143	1.0
460	303	1.0
461	462	0.5
461	463	0.5
461	464	0.5
461	465	0.5
461	26	1.0
461	135	1.0
461	368	1.0
461	488	1.0
462	461	0.5
462	463	0.5
462	464	0.5
462	465	0.5
462	78	1.0
462	94	1.0
462	151	1.0
462	416	1.0
463	461	0.5
463	462	0.5
463	464	0.5
463	465	0.5
463	93	1.0
463	166	1.0
463	277	1.0
463	328	1.0
464	461	0.5
464	462	0.5
464	463	0.5
464	465	0.5
464	58	1.0
464	67	1.0
464	229	1.0
464	359	1.0
464	375	1.0
465	461	0.5
465	462	0.5
465	463	0.5
465	464	0.5
465	100	1.0
465	132	1.0
465	146	1.0
465	174	1.0
465	230	1.0
465	279	1.0
465	497	1.0
466	467	0.5
466	468	0.5
466	469	0.5
466	470	0.5
466	62	1.0
466	128	1.0
466	186	1.0
466	260	1.0
466	293	1.0
466	471	1.0
467	466	0.5
467	468	0.5
467	469	0.5
467	470	0.5
467	408	1.0
467	412	1.0
467	483	1.0
468	466	0.5
468	467	0.5
468	469	0.5
468	470	0.5
468	4	1.0
468	55	1.0
468	201	1.0
468	263	1.0
468	340	1.0
468	396	1.0
469	466	0.5
469	467	0.5
469	468	0.5
469	470	1.5
469	11	1.0
469	23	1.0
469	207	1.0
469	299	1.0
469	397	1.0
470	466	0.5
470	467	0.5
470	468	0.5
470	469	1.5
470	11	1.0
470	23	1.0
470	207	1.0
470	299	1.0
470	397	1.0
471	472	0.5
471	473	0.5
471	474	0.5
471	475	0.5
471	62	1.0
471	128	1.0
471	186	1.0
471	260	1.0
471	293	1.0
471	466	1.0
472	471	0.5
472	473	0.5
472	474	0.5
472	475	0.5
472	272	1.0
472	342	1.0
472	451	1.0
473	471	0.5
473	472	0.5
473	474	0.5
473	475	0.5
473	90	1.0
473	95	1.0
473	97	1.0
473	126	1.0
473	209	1.0
473	376	1.0
473	411	1.0
474	471	0.5
474	472	0.5
474	473	0.5
474	475	0.5
475	471	0.5
475	472	0.5
475	473	0.5
475	474	0.5
475	7	1.0
475	163	1.0
475	321	1.0
475	331	1.0
476	477	0.5
476	478	0.5
476	479	0.5
476	480	0.5
476	41	1.0
476	53	1.0
476	105	1.0
476	144	1.0
476	157	1.0
476	227	1.0
476	491	1.0
477	476	0.5
477	478	0.5
477	479	0.5
477	480	0.5
477	12	1.0
477	17	1.0
477	22	1.0
477	63	1.0
477	82	1.0
477	110	1.0
477	236	1.0
477	317	1.0
477	320	1.0
477	425	1.0
478	476	0.5
478	477	0.5
478	479	0.5
478	480	0.5
478	423	1.0
478	447	1.0
479	476	0.5
479	477	0.5
479	478	0.5
479	480	0.5
479	294	1.0
479	352	1.0
479	383	1.0
480	476	0.5
480	477	0.5
480	478	0.5
480	479	0.5
480	13	1.0
480	32	1.0
480	213	1.0
480	500	1.0
481	482	0.5
481	483	0.5
481	484	0.5
481	485	0.5
481	33	1.0
481	190	1.0
481	214	1.0
481	335	1.0
481	381	1.0
482	481	0.5
482	483	0.5
482	484	0.5
482	485	0.5
482	84	1.0
482	123	1.0
482	154	1.0
482	311	1.0
482	322	1.0
482	418	1.0
483	481	0.5
483	482	0.5
483	484	0.5
483	485	0.5
483	408	1.0
483	412	1.0
483	467	1.0
484	481	0.5
484	482	0.5
484	483	0.5
484	485	0.5
484	54	1.0
484	188	1.0
484	191	1.0
484	254	1.0
484	283	1.0
484	314	1.0
484	406	1.0
485	481	0.5
485	482	0.5
485	483	0.5
485	484	0.5
485	36	1.0
485	208	1.0
485	276	1.0
485	295	1.0
485	449	1.0
486	487	0.5
486	488	0.5
486	489	0.5
486	490	0.5
486	24	1.0
486	177	1.0
486	351	1.0
486	428	1.0
487	486	0.5
487	488	0.5
487	489	0.5
487	490	0.5
487	64	1.0
487	83	1.0
487	122	1.0
487	356	1.0
487	494	1.0
488	486	0.5
488	487	0.5
488	489	0.5
488	490	0.5
488	26	1.0
488	135	1.0
488	368	1.0
488	461	1.0
489	486	0.5
489	487	0.5
489	488	0.5
489	490	0.5
489	108	1.0
489	139	1.0
489	281	1.0
489	297	1.0
490	486	0.5
490	487	0.5
490	488	0.5
490	489	0.5
490	282	1.0
490	310	1.0
491	492	0.5
491	493	0.5
491	494	0.5
491	495	0.5
491	41	1.0
491	53	1.0
491	105	1.0
491	144	1.0
491	157	1.0
491	227	1.0
491	476	1.0
492	491	0.5
492	493	0.5
492	494	0.5
492	495	0.5
493	491	0.5
493	492	0.5
493	494	0.5
493	495	0.5
493	182	1.0
493	198	1.0
493	357	1.0
493	389	1.0
494	491	0.5
494	492	0.5
494	493	0.5
494	495	0.5
494	64	1.0
494	83	1.0
494	122	1.0
494	356	1.0
494	487	1.0
495	491	0.5
495	492	0.5
495	493	0.5
495	494	0.5
495	125	1.0
496	497	0.5
496	498	0.5
496	499	0.5
496	500	0.5
496	102	1.0
496	129	1.0
496	145	1.0
496	211	1.0
496	252	1.0
496	309	1.0
497	496	0.5
497	498	0.5
497	499	0.5
497	500	0.5
497	100	1.0
497	132	1.0
497	146	1.0
497	174	1.0
497	230	1.0
497	279	1.0
497	465	1.0
498	496	0.5
498	497	0.5
498	499	0.5
498	500	0.5
498	87	1.0
498	92	1.0
498	215	1.0
498	221	1.0
498	374	1.0
499	496	0.5
499	497	0.5
499	498	0.5
499	500	0.5
499	40	1.0
499	147	1.0
499	187	1.0
499	348	1.0
499	369	1.0
499	456	1.0
500	496	0.5
500	497	0.5
500	498	0.5
500	499	0.5
500	13	1.0
500	32	1.0
500	213	1.0
500	480	1.0
